SAMPLE_NAME,OHSU-00001,OHSU-00002,OHSU-00003,OHSU-00004,OHSU-00005,OHSU-00006,OHSU-00007,OHSU-00008,OHSU-00009,OHSU-00010,OHSU-00011,OHSU-00012,OHSU-00013,OHSU-00014,OHSU-00015,OHSU-00016,OHSU-00017,OHSU-00018,OHSU-00019,OHSU-00020,OHSU-00021,OHSU-00022,OHSU-00023,OHSU-00024,OHSU-00025,OHSU-00026,OHSU-00027,OHSU-00028,OHSU-00029,OHSU-00030SAMPLE_ID,668519,668520,668521,668522,668523,668524,668525,668526,668527,668528,668529,668530,668531,668532,668533,668534,668535,668536,668537,668538,668539,668540,668541,668542,668543,668544,668545,668546,668547,668548CLIENT_IDENTIFIER,1-6886,1-6887,1-6888,1-6889,1-6891,1-6892,1-6893,1-6894,1-6895,1-6896,2-6886,2-6887,2-6888,2-6889,2-6891,2-6892,2-6893,2-6894,2-6895,2-6896,3-6886,3-6887,3-6888,3-6889,3-6891,3-6892,3-6893,3-6894,3-6895,3-6896GROUP,1,1,1,1,1,1,1,1,1,1,2,2,2,2,2,2,2,2,2,2,3,3,3,3,3,3,3,3,3,3DATE,12/16/02,12/16/02,12/16/02,12/16/02,12/16/02,12/16/02,12/16/02,12/16/02,12/16/02,12/16/02,1/12/04,1/12/04,1/12/04,1/12/04,1/12/04,1/12/04,1/12/04,1/12/04,1/12/04,1/12/04,8/16/04,8/16/04,8/16/04,8/16/04,8/16/04,8/16/04,8/16/04,8/16/04,8/16/04,8/16/04TREATMENT,ethanol na‹ve,ethanol na‹ve,ethanol na‹ve,ethanol na‹ve,ethanol na‹ve,ethanol na‹ve,ethanol na‹ve,ethanol na‹ve,ethanol na‹ve,ethanol na‹ve,6 months ethanol self-administration,6 months ethanol self-administration,6 months ethanol self-administration,6 months ethanol self-administration,6 months ethanol self-administration,6 months ethanol self-administration,6 months ethanol self-administration,6 months ethanol self-administration,6 months ethanol self-administration,6 months ethanol self-administration,12 months ethanol self-administration,12 months ethanol self-administration,12 months ethanol self-administration,12 months ethanol self-administration,12 months ethanol self-administration,12 months ethanol self-administration,12 months ethanol self-administration,12 months ethanol self-administration,12 months ethanol self-administration,12 months ethanol self-administrationSUBJECT_ID,6886,6887,6888,6889,6891,6892,6893,6894,6895,6896,6886,6887,6888,6889,6891,6892,6893,6894,6895,6896,6886,6887,6888,6889,6891,6892,6893,6894,6895,6896GROUP_ID,Baseline,Baseline,Baseline,Baseline,Baseline,Baseline,Baseline,Baseline,Baseline,Baseline,6 months EtOH,6 months EtOH,6 months EtOH,6 months EtOH,6 months EtOH,6 months EtOH,6 months EtOH,6 months EtOH,6 months EtOH,6 months EtOH,12 months EtOH,12 months EtOH,12 months EtOH,12 months EtOH,12 months EtOH,12 months EtOH,12 months EtOH,12 months EtOH,12 months EtOH,12 months EtOH"1,5-anhydroglucitol (1,5-AG)",0.340546,0.363180,1.011741,0.184960,0.988260,0.483914,0.907907,0.646580,0.187299,0.208745,1.140372,3.614837,4.702447,2.213085,3.030763,1.454132,7.930265,1.302787,0.266968,0.718128,0.603140,1.731072,1.914171,0.515593,2.462123,1.151701,3.491654,1.412202,0.327217,0.235690"1,6-anhydroglucose",0.148627,0.056631,0.056631,0.102248,0.056631,0.056631,0.056631,0.056631,0.056631,0.056631,0.820060,1.000000,0.646864,0.721703,0.510483,0.741845,1.073843,1.219246,0.841750,0.793142,0.890451,1.241192,1.758135,1.145489,1.448127,1.052524,2.177433,1.212038,1.170413,1.1384551-arachidonoylglycerophosphocholine*,0.653566,0.787220,0.979940,1.312671,0.849901,0.921272,0.903449,1.123204,1.126476,0.797266,0.804211,1.057309,1.064765,1.163853,1.108621,1.150725,0.587269,1.035931,0.974199,0.775334,0.932387,1.465353,1.000000,1.231675,1.274704,1.451229,0.769789,0.587269,1.692450,0.8777261-arachidonoylglycerophosphoethanolamine*,0.334582,1.596107,1.346123,1.173018,0.910855,1.529096,1.065828,1.558275,0.961159,1.015455,0.750897,1.613234,0.440000,1.466804,1.254707,0.515897,1.057543,1.270329,0.455764,0.762898,0.984545,0.872300,0.975008,1.987888,1.286062,0.566294,2.172189,0.714553,0.470254,0.2779461-arachidonoylglycerophosphoinositol*,0.939329,0.721477,1.092515,0.725623,0.659278,0.551896,1.134401,1.074389,0.725301,0.739345,1.008825,1.148562,1.249918,1.180129,0.991175,1.063694,1.848202,0.977983,1.486052,0.668878,0.856265,1.480387,0.853628,2.116902,0.901791,1.310080,0.930528,1.662059,1.484708,0.8129971-arachidoylglycerophosphocholine,1.168195,2.881848,2.003137,2.842557,1.796549,1.762878,2.027559,1.782460,2.766186,1.145410,0.626306,0.837696,1.064715,0.635076,0.713648,1.007145,0.636927,0.643200,1.045495,0.756716,0.790405,0.699867,0.589002,1.277091,0.915977,0.896680,0.601230,0.992855,1.254672,0.8122651-docosahexaenoylglycerophosphocholine*,0.401397,0.608522,0.495489,0.993250,0.596334,0.538803,0.660913,0.586612,0.544064,0.369719,0.673357,0.651244,1.024278,1.189596,1.245860,1.420464,0.563369,1.047488,1.145429,0.920698,1.066675,1.134930,1.006750,1.144439,1.620775,1.367905,0.791217,2.784209,1.283114,1.2204051-docosapentaenoylglycerophosphocholine*,0.563652,0.875905,0.594621,1.116124,0.539747,1.181716,0.816144,0.561534,0.840114,0.559292,0.716569,1.059648,1.247391,1.183532,1.010830,2.119515,0.632134,1.454401,0.961935,0.913463,1.121933,1.241222,0.857398,1.443783,0.539747,1.933771,0.962621,2.871158,1.556827,1.0000001-eicosadienoylglycerophosphocholine*,0.706699,1.025832,0.755353,1.544667,0.930818,0.791792,1.614797,1.161973,1.286368,0.761697,0.915295,0.953240,1.459244,1.755216,0.974168,1.377418,0.739761,1.080448,1.302718,0.897927,0.550047,1.181747,0.674877,1.929241,0.771223,1.050802,0.772125,1.559337,1.577665,0.5537261-eicosatrienoylglycerophosphocholine*,0.962615,1.123854,0.959187,1.111701,1.155335,1.138927,1.875944,0.936817,1.166995,1.037385,0.580879,0.759230,1.038021,0.920722,0.881583,1.652227,0.413986,0.944316,1.183657,0.723334,0.487343,1.223634,0.691907,1.050290,0.839041,1.419145,0.857895,1.912470,1.309170,0.5140421-heptadecanoylglycerophosphocholine,0.803841,1.027085,0.915165,1.077941,1.041206,0.972915,1.149535,0.943156,1.254541,0.776883,0.822890,0.879687,2.385743,1.890203,1.690263,1.433853,0.736132,0.801394,0.777326,1.125198,0.800062,0.682647,0.580883,1.059337,1.418866,1.188187,1.073779,0.631614,1.032919,0.9425441-linoleoylglycerol (1-monolinolein),0.653231,1.794196,2.709293,2.140335,0.801422,0.653231,1.733147,1.079200,0.653231,0.925670,1.650090,0.699039,0.921649,0.653231,1.210324,0.653231,0.653231,0.729094,0.719868,0.793194,1.349904,1.074255,0.863560,0.998260,1.787690,0.885100,2.228856,1.000000,0.675465,1.8447331-linoleoylglycerophosphocholine,0.908786,0.981506,0.924712,1.095541,0.980578,1.010684,1.052107,0.888990,0.938400,0.791884,0.989316,1.010698,1.059781,0.973823,1.037467,1.234477,0.798548,0.921458,1.044788,0.942983,0.970969,1.217951,0.950235,1.060948,1.161544,1.204903,1.199615,1.331219,1.241903,0.8634551-linoleoylglycerophosphoethanolamine*,0.393935,1.317322,1.004549,0.765416,0.997190,1.340212,0.775363,1.248321,1.002810,0.940816,1.237726,2.479843,0.938832,1.632002,1.296862,0.631202,1.852191,1.046488,0.629908,0.878053,0.757826,1.221127,0.970475,2.156508,1.190390,0.562930,3.387142,0.581632,0.511090,0.3486211-linoleoylglycerophosphoinositol*,1.252225,0.961719,0.820757,0.415842,1.046705,0.549174,0.740390,1.074535,0.516051,0.686839,1.576095,1.150679,1.355855,1.293855,1.288148,0.680764,1.334418,0.628852,1.342373,0.933368,1.038281,1.433067,0.754855,1.356773,0.841046,0.516496,1.081895,0.901855,1.066542,0.7882591-methylhistidine,2.607684,0.629652,0.332479,1.090976,1.002964,0.729155,0.613152,1.664535,1.245624,1.040058,1.020290,0.750220,1.091154,0.969403,1.429399,1.083522,0.572827,0.856449,1.198251,0.878810,1.067531,1.121361,0.825408,0.660104,0.850649,1.036506,0.639267,0.913719,1.616979,0.9970361-myristoylglycerophosphocholine,0.889309,0.711967,0.665411,1.368822,0.984050,0.720912,1.067620,0.951857,1.392539,1.094085,1.015950,1.553311,1.828437,1.712444,0.832322,1.314705,0.826239,0.741690,1.057239,0.849895,0.695112,1.465151,0.945050,1.127047,1.085064,0.916104,1.145757,0.840522,1.415888,0.8132801-octadecanol,1.011186,0.636239,0.988814,1.219899,0.853507,0.742720,1.148949,0.716515,1.224583,0.626802,1.261856,0.805901,0.940162,1.605786,0.943239,1.120780,1.086203,1.180763,1.553886,0.659263,0.849111,0.773441,1.088476,1.431460,0.823660,1.094886,0.817642,1.534885,2.559031,0.6681641-oleoylglycerophosphocholine,0.732707,0.987150,0.826066,1.116946,0.766479,0.894729,1.196517,0.787779,1.002271,0.799888,0.919091,1.600745,1.452270,1.428247,0.891953,1.986518,0.997729,1.025646,1.532240,0.910491,0.602713,1.564268,0.849028,1.440143,0.801799,1.623701,1.297194,1.501459,1.908440,0.5964441-oleoylglycerophosphoethanolamine,0.957091,0.738884,0.958344,0.994077,0.915799,0.900458,1.050920,0.670341,1.005923,0.548152,1.761118,2.670169,2.698811,1.699949,0.740784,1.025791,2.712424,1.157089,1.973705,0.581659,0.508871,1.455846,1.697251,2.708184,1.888661,0.893430,2.790617,0.656135,0.762367,0.7795601-oleoylglycerophosphoinositol*,0.859140,1.266611,1.234150,1.217122,0.772850,1.165560,1.000000,0.895345,0.802301,0.905556,1.170729,1.251979,1.179839,1.328063,0.970277,0.772041,2.152726,0.363612,1.280965,0.780301,0.468773,1.116801,0.777323,1.608228,0.363612,0.363612,1.043742,0.363612,0.879682,0.5835371-palmitoleoylglycerophosphocholine*,0.729378,0.752117,0.560780,1.148300,0.760870,0.786728,1.034036,0.854440,1.187915,0.706400,0.656425,2.044720,1.841195,1.428414,0.778534,1.506441,1.138172,0.772052,1.889818,0.729995,0.470174,2.029249,1.117931,1.470951,0.804293,1.034325,1.043783,0.965964,2.187688,0.5282521-palmitoylglycerol (1-monopalmitin),0.973850,1.980024,0.997365,1.213848,1.409748,1.241280,1.207738,0.963418,0.772567,1.049511,0.920204,1.446835,1.189036,0.875585,0.980913,0.848592,0.985677,0.866068,1.427145,1.030204,0.915061,1.425825,1.178210,0.698912,0.845567,1.002635,0.650518,1.032770,1.583460,0.6504651-palmitoylglycerophosphocholine,0.879717,1.013328,0.868986,0.956423,1.091656,0.993587,1.212489,0.823222,0.930112,0.941686,0.821337,1.103104,1.051849,1.035369,1.003141,1.450045,0.693037,0.892279,1.078500,1.054153,0.794289,1.084141,0.842928,0.984419,0.996859,1.345569,1.087278,1.423819,1.324954,0.8654021-palmitoylglycerophosphoethanolamine,0.688427,0.986776,0.832108,0.889835,0.848660,0.946217,0.718470,0.700104,0.931323,0.592979,1.338995,2.105113,1.396495,1.439754,1.114119,1.240209,1.628496,1.134734,1.327474,0.875893,1.013224,1.099065,1.369225,2.268532,1.751753,0.932287,1.893046,0.710726,0.736596,0.9193601-palmitoylglycerophosphoinositol*,1.137092,0.984374,1.096637,0.903306,1.128848,0.656108,0.971619,1.079116,0.895764,0.713501,1.394352,1.946251,1.881573,1.015626,1.343278,0.656108,1.187533,0.732843,1.811575,0.797061,0.695586,1.226903,0.866053,0.915998,0.843276,0.656108,0.889093,0.656108,1.213152,0.6561081-pentadecanoylglycerophosphocholine*,0.941311,1.115326,1.168253,0.974928,1.394876,0.837346,1.565672,0.867180,1.365804,1.119251,1.000000,0.850075,1.495783,0.978260,1.423786,0.988351,0.892402,0.914972,1.028222,1.387365,1.113905,0.631255,0.771770,0.666533,1.156974,0.987827,0.959571,0.631255,1.276745,1.6875881-stearoylglycerophosphocholine,0.686390,0.793330,0.774359,0.982531,1.352410,0.846539,1.804190,1.037837,0.933117,1.383638,0.695447,0.551025,1.471158,1.145511,1.709607,1.437401,0.690839,0.868141,1.208386,0.633882,0.737149,1.017469,0.635055,1.619648,0.884640,1.045162,1.491732,2.483021,1.203246,0.6137281-stearoylglycerophosphoethanolamine,0.977565,0.912289,1.004960,0.995040,0.829135,0.861264,0.948974,0.652033,0.966977,0.518698,1.009283,2.064421,1.883145,1.512563,0.804426,1.206942,2.051372,1.401622,2.101879,0.474386,0.727514,1.228804,1.255533,2.198018,1.261675,1.055614,1.663042,0.915722,0.783349,0.7882561-stearoylglycerophosphoinositol,1.494695,2.450297,2.522713,2.368061,1.456424,1.499520,2.017049,2.985395,1.661785,1.767664,1.632622,0.980712,0.663877,1.047294,2.376685,0.762312,1.019288,0.844608,1.049731,0.742536,0.795320,0.828508,0.496110,0.898012,0.582509,0.499310,0.657409,0.536315,0.672274,0.35817610-heptadecenoate (17:1n7),1.276607,1.624622,1.355068,1.600471,1.562407,1.655988,1.571072,2.020454,1.321338,1.434465,0.865511,1.176361,1.415045,0.914234,1.117701,0.716927,1.264487,0.971564,0.875403,0.766842,0.680759,0.666498,1.028437,0.851315,0.762964,0.710592,0.760323,0.555758,0.803887,0.90687810-nonadecenoate (19:1n9),1.801626,2.810072,1.990428,2.773953,2.351872,2.198524,1.869152,2.615407,1.582990,1.712145,0.658485,0.976450,1.303161,1.030085,0.985272,0.732557,1.396832,0.889721,0.812689,0.585139,0.942468,0.487814,0.828267,1.020651,0.768542,0.839770,0.752151,0.509394,1.014728,0.94772610-undecenoate (11:1n1),3.311450,2.816899,2.630994,2.860896,3.309458,1.847783,4.670068,3.680794,2.380275,3.150092,0.703353,0.703353,0.826882,0.703353,0.703353,1.177228,1.000000,0.703353,0.771206,0.703353,0.721014,0.790166,0.703353,0.740430,0.804547,0.789128,0.703353,0.919379,0.710334,0.87152013-HODE + 9-HODE,2.926992,5.002565,4.972419,2.655255,2.483227,3.967884,2.946142,4.871136,2.797761,2.884659,0.921106,1.164020,1.024339,0.805044,0.708890,0.794231,1.107542,0.856489,0.851709,0.975661,0.667303,0.501252,0.871855,0.940983,1.366702,0.784814,1.350474,0.672090,0.689508,0.71179713-methylmyristic acid,1.021409,0.705741,1.095121,0.911543,0.849856,0.678665,1.116178,0.754781,1.035258,1.080326,1.186759,0.904594,0.981128,1.154730,1.094296,1.030176,1.099703,1.093750,1.051721,0.819211,1.000000,0.821975,0.973498,1.026358,0.678665,0.992185,1.063513,0.989441,0.957095,0.7143792-aminoadipate,1.279530,1.159461,0.526841,1.097966,0.742444,0.942552,0.929387,4.967648,1.550045,1.824766,1.902417,0.366202,0.366202,1.039110,0.366202,0.425648,0.645092,1.591870,2.127291,1.176416,0.960890,0.366202,0.607545,0.366202,0.366202,0.366202,0.427389,0.924598,1.922318,0.6254992-aminobutyrate,1.108819,1.081074,0.880235,0.744852,0.887653,0.895454,1.702094,0.971626,0.719241,0.855532,1.299826,1.415047,0.642078,1.028455,0.905562,0.955224,1.380296,0.833369,1.045795,0.944145,2.202288,2.455103,0.813081,1.835674,0.759388,1.028374,2.732825,1.220080,0.951227,1.6117142-arachidonoylglycerophosphoethanolamine*,0.399801,1.895620,1.441687,1.174313,0.970918,1.690074,1.250010,1.556579,0.901943,0.399801,0.652358,1.218838,0.526657,1.075106,0.757112,0.526245,0.399801,1.288634,0.399801,0.806400,0.926570,1.029082,0.854627,1.726748,1.246338,0.555489,1.661149,0.722550,0.493520,0.3998012-hydroxybutyrate (AHB),0.951604,1.373733,0.312689,0.769066,0.593236,0.946940,1.078211,0.988454,0.908623,1.067133,1.415131,0.875173,0.489236,1.281302,0.163477,0.737659,1.260429,1.183714,1.799493,1.011546,0.871813,1.496632,0.612866,1.185507,0.257164,1.106899,1.476301,1.951214,1.463539,0.7970772-hydroxyglutarate,0.962463,0.512336,1.125625,0.512336,0.803885,0.512336,1.036854,1.083325,0.956629,0.702975,0.738636,0.512336,2.386268,0.963114,1.074770,0.745480,2.535064,1.174012,1.291505,0.801527,0.732436,1.351745,2.748390,0.512336,0.556634,1.005429,0.994571,0.512336,1.801043,0.5123362-hydroxyisobutyrate,1.131895,1.000000,1.167916,0.853007,1.455979,0.627237,0.925796,1.149260,0.725045,1.572302,1.201132,1.395760,1.488598,0.984705,0.638807,0.518625,1.899104,1.263020,0.783669,0.518625,1.121499,0.847492,0.518625,0.985845,0.829367,0.518625,1.809561,0.854945,0.815465,1.4114542-hydroxypalmitate,1.300407,1.005975,1.005494,0.961556,1.072034,0.978314,1.297979,1.102602,0.959379,1.083889,1.054958,1.318133,0.888695,0.740374,0.905561,0.837584,1.518714,1.137174,1.055373,0.714992,1.017386,1.075479,0.856145,0.843888,0.850523,0.896289,1.027750,0.912231,0.994506,0.8405972-hydroxystearate,0.793805,1.256762,0.855147,0.962102,0.956338,1.099785,1.144992,1.119872,1.197158,1.170646,0.786470,1.852907,0.576439,0.783243,1.233364,0.708003,1.354819,0.982759,1.255826,0.809001,0.817180,1.089374,0.506509,0.880837,0.706757,1.017241,1.039173,1.105320,1.019935,0.7526212-linoleoylglycerophosphocholine*,0.929367,0.986354,0.767133,1.293556,1.115997,0.931747,0.936471,0.864675,1.256980,0.666622,0.949113,1.164698,1.346015,1.310671,0.864094,1.173980,0.707056,0.851210,0.988086,0.721554,0.962145,1.422786,1.011914,1.418399,1.443915,1.227729,1.417258,1.574077,1.448413,0.8134272-linoleoylglycerophosphoethanolamine*,0.384224,1.416538,0.973640,0.685513,0.919894,1.681886,0.825903,1.026019,0.980137,0.558450,1.404494,3.160693,0.850751,1.470636,1.099188,0.664809,1.665927,1.089236,0.618207,1.019863,0.732292,1.544979,1.089033,2.130489,1.147461,0.619883,3.338798,0.560331,0.540836,0.2462372-methylbutyroylcarnitine,0.609898,0.801331,0.765432,0.966095,0.836130,0.703714,0.931103,0.714256,0.631877,0.515128,1.374684,1.068960,1.331279,1.169075,1.208229,0.795160,1.233666,1.066236,0.926384,1.090432,1.470329,0.725363,1.471002,1.261802,1.864703,0.840368,1.847859,1.033905,0.790769,1.1152762-oleoylglycerophosphocholine*,0.806850,0.901158,0.736498,0.831476,0.988519,1.011481,1.476249,0.542070,0.923961,0.926855,0.780188,1.810668,2.019865,1.505800,0.819231,2.531959,1.016330,0.914199,1.788142,0.941154,0.468829,1.626873,1.060080,1.526473,0.660434,1.866513,1.718713,1.903166,1.877275,0.5454602-oleoylglycerophosphoethanolamine*,0.460700,0.922645,1.000000,1.016832,0.850235,1.636661,1.131895,0.802901,1.208407,0.657428,1.729937,2.248872,1.826104,1.210237,0.761339,0.619919,2.022838,0.571671,1.500230,0.973669,0.460700,1.024421,1.471963,2.301558,0.923913,0.795168,3.139591,0.651002,0.696840,0.6970462-palmitoylglycerophosphocholine*,0.786970,0.996143,0.797256,1.002776,1.050108,0.924800,0.985592,0.715217,1.128475,0.911612,0.813894,1.376033,1.637865,1.676447,0.997224,1.900896,0.681454,0.779938,1.119460,0.842879,0.678708,1.122806,0.755289,1.298928,1.089671,1.489859,1.250664,1.101108,1.568137,0.7343932-palmitoylglycerophosphoethanolamine*,0.516202,1.441681,0.831258,1.206810,0.747608,1.038141,0.750517,1.007560,1.075769,0.756105,1.301451,3.014407,0.891921,1.630744,0.992440,0.776951,1.525908,1.271688,0.612857,1.122333,0.654011,0.923756,1.329934,3.224075,1.332556,0.463382,2.667089,0.396158,0.395236,0.4422362-stearoylglycerophosphocholine*,0.658908,0.960421,0.970344,1.311774,0.905008,0.943902,1.072093,0.987655,1.291922,0.800294,0.818133,0.716122,1.517587,2.069305,1.047189,1.834748,0.651102,1.027813,1.074301,0.735147,0.703186,1.012345,0.704772,1.669021,1.033065,1.409780,0.698647,1.108572,1.283102,0.8098703-(2-hydroxyphenyl)propionate,0.824087,0.824087,0.824087,0.824087,0.824087,0.824087,0.824087,0.824087,0.824087,0.824087,1.066329,0.824087,0.824087,1.151898,0.824087,0.824087,0.827002,1.112097,0.824087,1.137077,0.933671,0.824087,0.824087,0.824087,0.824087,0.824087,0.856141,0.824087,0.824087,0.8240873-(4-hydroxyphenyl)lactate,1.057141,1.157139,0.857901,1.344652,0.776985,1.220062,1.007148,1.036608,0.983672,0.615518,0.893798,0.581370,0.756733,1.189448,0.692342,1.134893,1.014509,1.354457,0.871303,0.840441,0.992852,0.717071,1.181295,0.877228,1.020412,1.183053,1.678485,0.872661,0.877166,1.0457013-carboxy-4-methyl-5-propyl-2-furanpropanoate (CMPF),0.065919,0.061438,0.061438,0.065798,0.061438,0.075227,0.061438,0.061438,0.061438,0.061438,1.007979,0.855752,0.374953,1.031341,0.992021,1.152760,0.961132,1.335399,0.917204,1.234817,1.277008,0.955566,0.659630,1.172645,1.175576,1.040226,0.962833,1.143027,1.014549,1.3113823-dehydrocarnitine*,0.510140,0.372232,0.566364,0.462408,0.359928,0.359928,0.498950,0.516998,0.359928,0.359928,1.207040,0.913957,1.211835,1.059547,0.957873,1.000000,1.498421,2.174018,1.089007,1.355561,1.558491,0.736586,2.845427,1.768120,0.721544,0.926030,2.978609,1.661548,0.900708,1.2098023-hydroxy-2-ethylpropionate,0.827677,0.550032,0.550032,0.550032,0.675311,0.550032,0.663081,0.550032,0.550032,0.550032,1.829850,0.984459,2.649364,0.550032,0.849759,0.587038,3.134652,1.220682,1.820471,0.994235,0.973511,0.550032,0.550032,2.134115,1.005765,0.550032,2.331281,1.094493,2.108005,0.9261503-hydroxybutyrate (BHBA),0.855829,1.085446,0.676353,0.861740,0.961084,0.859032,1.292184,1.153996,0.655276,0.957772,1.164740,1.269433,1.814975,0.927367,0.506057,0.839128,2.492088,1.073270,1.970312,0.841844,0.776076,0.966955,1.855479,1.183387,0.468759,1.033045,2.420348,1.332266,1.894861,0.6635933-hydroxyisobutyrate,0.884947,0.764130,0.361477,0.892701,0.559071,0.641828,0.642836,0.994210,0.683708,0.731134,1.931469,0.717417,1.096078,1.448536,0.625749,0.939383,1.658486,1.509320,1.627977,1.401323,1.005790,0.988144,1.229464,1.244155,0.541568,1.191744,1.613644,1.386777,1.810292,1.6616573-indoxyl sulfate,0.865582,0.577423,0.757816,0.459910,0.831736,0.499980,0.670057,0.364836,0.635563,0.488880,1.516898,0.796074,1.058663,0.985555,1.393770,1.115355,1.528858,0.995099,1.025847,1.275622,1.124950,1.067920,1.367112,0.979987,1.114507,1.473951,1.004901,0.855665,1.056357,1.6617593-methyl-2-oxobutyrate,0.790760,0.679267,0.424976,0.590991,0.499728,1.420917,0.803007,0.721057,1.108537,0.817585,1.200543,1.048948,0.868662,1.191572,0.495214,1.322717,1.026190,1.151494,1.493384,0.625097,0.985197,0.919297,1.089659,1.559282,0.853428,1.704585,1.204428,1.014803,1.796307,0.9445983-methyl-2-oxovalerate,1.182878,0.980097,0.612263,0.764291,0.630348,1.344686,0.800482,0.748941,1.130028,0.694542,1.094942,0.808120,0.858398,1.268647,0.571147,0.900231,1.008760,1.199181,1.723807,0.845407,1.079108,1.053351,1.030111,1.022211,0.839980,1.188751,1.112189,0.991240,1.261303,0.8689963-phenylpropionate (hydrocinnamate),0.417134,0.475302,0.269764,0.445884,0.558861,0.272056,0.396948,0.240733,0.541622,0.204115,0.968731,2.370205,1.171669,1.123663,1.304914,0.712365,2.208087,1.031269,1.716743,1.316420,0.784338,1.822202,1.510439,1.903030,2.106419,1.305238,2.050063,0.826330,1.365734,0.7781023-ureidopropionate,0.648593,0.849257,0.999391,0.586793,0.838049,0.544909,0.914443,1.232597,1.115434,0.591854,0.619006,0.913022,1.269510,0.951636,1.083700,0.629042,1.549706,1.345467,1.168319,1.259662,1.219762,1.066568,1.822566,0.914941,0.847426,0.778348,1.297821,1.447454,1.187654,1.000609"4-androsten-3beta,17beta-diol disulfate 1*",0.843131,0.651728,0.932671,0.556818,0.429281,2.960791,2.894865,0.882289,0.364823,1.314735,0.987073,1.166092,1.012927,0.634985,0.364823,7.186708,2.698339,1.317415,0.641812,2.267112,0.582044,0.655396,1.500446,0.791098,0.364823,5.254075,1.099266,1.906971,0.601717,1.6311734-ethylphenylsulfate,0.290217,0.290217,0.290217,0.290217,0.290217,0.290217,0.290217,0.290217,0.290217,0.290217,1.012170,1.250332,0.650562,0.949956,0.858575,0.290217,1.555029,1.342488,0.987830,1.137726,0.309299,1.477835,1.422504,0.813132,1.729810,1.129334,3.131391,0.885909,0.857183,0.9871074-hydroxyphenylpyruvate,0.634869,0.634869,0.634869,0.634869,0.634869,0.634869,0.634869,0.634869,0.634869,0.634869,0.634869,0.634869,0.634869,0.986950,0.634869,0.634869,0.634869,0.708346,0.634869,1.022940,0.861037,0.634869,0.634869,0.634869,0.634869,0.634869,1.284297,0.634869,1.013050,1.3831244-methyl-2-oxopentanoate,0.955433,0.681090,0.394476,0.623201,0.569208,1.002216,0.637494,0.640058,1.033332,0.478313,1.211189,0.556390,0.881288,1.544781,0.543473,0.940445,1.107654,1.161095,1.689769,0.903327,1.071196,1.081210,1.220512,1.008976,0.885900,1.514636,1.427600,1.111321,1.503471,0.9977844-vinylphenol sulfate,0.695592,0.695592,0.695592,0.695592,0.695592,0.695592,0.695592,0.695592,0.695592,0.695592,1.601675,0.695592,0.744107,1.445379,1.454444,1.117636,1.836259,1.783099,1.494350,1.374509,1.047458,0.757804,0.849555,0.734088,0.952542,0.828558,8.165767,0.719248,0.736288,0.870978"5,6-dihydrouracil",1.187982,0.367390,0.367390,1.000000,0.367390,0.367390,1.032275,0.367390,0.367390,0.501860,1.947892,0.832664,1.291503,0.773658,0.680288,1.317475,1.278207,1.992461,2.019340,0.450196,0.367390,0.943039,0.946926,1.057035,0.367390,1.331399,0.893148,0.899357,1.234768,0.7917175-dodecenoate (12:1n7),1.255084,1.264368,1.508038,2.247491,1.126212,1.022426,1.988472,1.441083,1.228393,0.999015,0.782865,1.044292,0.964438,1.000985,0.986472,0.965575,1.105479,0.685631,1.119159,0.484055,0.823651,0.707789,0.582725,1.027217,0.779443,0.557384,0.621590,1.322389,0.965067,0.6847405-HETE,2.457691,2.087742,3.044937,3.198725,1.468134,1.358203,2.606832,1.519253,2.586073,1.082473,0.917527,0.440594,0.123347,0.765108,1.138212,1.119353,0.123347,1.124267,1.379984,0.531727,0.342017,0.146790,0.123347,0.318089,0.699045,0.434863,0.153499,0.409146,0.441760,0.2297515-methyluridine (ribothymidine),1.154093,1.435302,1.061631,0.895036,0.895036,1.233244,1.174235,0.895036,0.895036,0.925668,0.913927,0.895036,0.895036,0.895036,0.953604,0.895036,0.895036,0.895036,0.966495,1.009902,0.962791,1.000000,0.895036,0.895036,0.895036,0.895036,0.895036,0.895036,0.895036,0.8950365-oxoproline,1.214747,0.985300,0.868227,1.157822,1.074423,1.122149,0.937007,0.986974,0.854706,1.066916,1.084211,0.924955,1.212877,1.152300,1.026808,1.142750,0.770546,1.526653,1.192484,1.133563,0.950772,0.995785,1.001945,1.095338,0.972534,0.960081,0.912022,0.912304,0.652244,0.998055"5alpha-androstan-3beta,17beta-diol disulfate",0.681147,0.540932,0.812422,0.540932,0.807676,0.760765,1.409208,0.640315,0.540932,0.613936,1.000000,0.540932,1.353850,0.644323,1.037521,1.322334,2.073688,1.930795,0.629077,0.920555,0.597933,0.672404,1.597295,1.075184,0.725140,1.394344,1.726933,1.941749,1.093714,1.2453987-alpha-hydroxy-3-oxo-4-cholestenoate (7-Hoca),0.977010,1.422011,1.230193,1.009419,0.758012,1.138249,1.501184,1.076212,1.229998,0.990581,0.907467,1.698887,1.153617,0.931828,0.988969,0.781635,1.441863,0.897942,0.643558,1.021582,0.927665,1.024128,1.087985,0.879299,0.747167,0.878864,1.278820,0.871241,0.881873,1.2220027-alpha-hydroxycholesterol,0.733218,0.861501,0.324749,0.324749,0.324749,0.324749,1.138499,0.324749,0.324749,0.324749,0.324749,1.554196,1.524999,0.324749,1.152291,0.553428,1.356416,0.722063,0.455992,0.324749,0.324749,0.324749,1.147778,0.324749,0.758715,0.324749,0.324749,0.324749,1.366495,0.3247497-beta-hydroxycholesterol,1.584483,0.934668,0.406491,1.303699,1.637001,0.718337,1.520562,0.406491,0.406491,0.441566,0.876678,0.406491,1.282701,1.031333,1.165786,0.406491,0.406491,0.406491,0.406491,0.406491,0.406491,0.406491,1.624468,0.968667,0.967123,0.406491,0.413974,0.406491,0.406491,0.4064917-hydroxyoctanoate,0.784735,0.969184,1.147928,1.509557,0.746813,1.000000,1.472201,0.860182,0.971389,0.746813,0.746813,1.222566,0.911110,0.746813,0.746813,0.746813,0.746813,1.486031,1.133123,0.746813,0.746813,1.087302,1.087814,0.980879,0.796130,0.746813,0.746813,0.846066,1.046004,0.746813acetylcarnitine,0.883718,1.430208,0.665391,1.024973,1.189273,0.870301,0.910779,0.860341,1.009106,0.656244,0.727484,1.517473,0.521435,0.851240,0.767697,0.884719,1.087652,0.545968,0.940668,0.639394,1.875158,1.098006,1.559022,1.178300,1.218861,1.146965,2.659654,1.382155,1.215979,0.990894acetylphosphate,1.180768,1.075839,0.937508,1.566551,0.777247,1.198021,1.763330,0.891334,0.981091,0.771178,0.891285,0.969816,0.886079,1.134056,0.642109,1.403815,1.230184,0.997901,1.537820,0.550789,0.762964,0.748836,1.035347,1.226493,0.858824,1.318050,1.002098,1.045039,1.154893,0.786060adenosine 5'-monophosphate (AMP),0.641258,1.136142,0.542320,0.542320,1.630650,0.542320,0.542320,0.542320,0.542320,1.710794,0.542320,0.543348,0.542320,1.567042,0.818395,0.786323,0.920786,1.138594,1.089769,0.585577,0.542320,0.746263,1.453650,1.222858,0.775346,1.000000,1.561250,0.542320,0.834664,4.637959adrenate (22:4n6),1.033781,1.403312,1.220987,2.026553,1.416975,1.319687,1.605090,1.827798,1.185376,1.070305,0.291411,0.994923,0.303216,1.110235,0.746815,0.822274,0.396929,0.778797,1.180967,0.547603,1.018574,0.612859,0.563793,0.901723,0.742609,1.005077,0.669872,0.676863,0.334106,1.209344alanine,1.084936,0.896475,0.598336,1.003470,0.576100,0.812775,0.660447,0.675179,0.749089,0.996530,1.971887,1.134576,1.094969,1.362926,0.831057,1.026438,1.252871,1.664707,1.349748,0.893030,1.354991,0.925704,0.904283,0.953492,1.122457,0.892833,1.792642,0.776509,1.058163,2.045612allantoin,1.653973,1.255797,1.059580,1.558843,1.329363,1.306808,1.327479,1.887440,1.466057,1.787816,1.156025,0.475009,0.858488,0.945511,0.869306,0.749474,1.176079,1.181019,1.022716,0.876626,0.785660,0.711712,0.883350,0.537783,0.327167,0.802965,0.185883,0.944144,0.977284,1.208036alpha-hydroxyisovalerate,1.154494,1.033849,0.675246,0.974941,0.872059,0.775815,1.210560,0.800139,1.284789,0.708628,0.832211,0.758787,0.879464,0.937436,0.791600,1.075210,1.261639,1.039791,1.165518,1.025059,0.617809,1.175220,0.958013,1.260457,0.600337,1.078505,1.104903,1.054439,1.296981,0.656462alpha-ketoglutarate,0.322333,0.566281,0.322333,0.322333,0.462202,1.141214,0.775209,2.094471,1.000000,0.322333,2.000038,0.322333,0.322333,0.932589,0.322333,0.322333,0.686753,1.918211,1.936424,0.615171,0.322333,0.465171,1.370603,1.307757,0.322333,0.322333,0.322333,0.857844,1.536645,1.171085alpha-tocopherol,0.973719,0.484777,0.542423,1.510244,0.051770,1.060364,1.809481,0.366967,1.397784,0.753667,0.980837,0.819553,0.855033,1.423356,0.811821,1.489310,1.167315,0.760496,2.211762,1.017971,1.180025,0.986514,0.969216,1.509531,1.364514,1.541352,0.685311,0.768326,2.190668,1.013486arabitol,1.138885,0.286562,0.286562,0.644204,0.286562,0.286562,0.357055,0.286562,0.286562,0.724117,0.914158,0.870777,1.115883,0.592239,1.558200,0.412366,1.728341,1.000000,1.629197,0.985051,0.286562,1.269118,1.319136,0.286562,0.952659,0.286562,1.343748,0.286562,1.295501,1.662027arachidonate (20:4n6),1.102081,1.422136,1.140843,1.396739,1.055372,1.103706,1.286295,1.453770,1.022606,1.190090,0.676652,0.851883,0.710271,0.930444,1.105340,0.891662,0.759281,1.197292,1.068019,0.811463,0.906081,0.891828,0.814913,1.109754,0.902290,0.977394,0.660052,0.973632,0.953509,1.142448arginine,0.686402,0.938266,0.819598,1.056160,0.520075,0.711723,0.727366,0.880548,0.685229,0.598725,1.546975,1.558571,1.446569,1.691451,0.742887,1.279939,1.104241,1.214504,1.010225,1.568010,1.528473,1.209384,1.743179,0.950849,1.381500,0.918337,1.064862,0.930671,0.957971,0.989775asparagine,0.568649,0.248403,0.380106,0.899702,0.248403,1.196412,0.358370,0.284242,0.408788,0.448930,2.236335,0.248403,0.967638,1.300703,1.032362,1.248500,0.295862,2.187367,0.834751,1.414822,1.892385,0.321117,1.933014,0.804401,1.924463,1.642856,1.351754,1.038586,0.933723,2.532148aspartate,1.010284,0.865920,0.673649,0.893230,0.982893,0.622111,0.884106,0.989716,0.733311,0.858483,1.975731,1.226912,1.514286,1.193516,1.281549,0.865158,1.676435,1.992612,1.376153,0.954098,0.911368,0.972341,1.015202,0.828403,1.238185,0.754084,1.578759,1.095560,1.067332,1.162488azelate (nonanedioate),1.028875,1.035295,1.106611,1.116454,0.964431,0.841164,1.012490,1.110164,1.067817,1.074200,1.013266,0.809353,0.868671,1.071325,1.204795,0.763695,0.957423,0.990785,2.736163,0.856321,1.000000,0.742770,0.747576,0.795617,1.056369,0.798008,0.966313,0.742770,0.764055,1.048760benzoate,0.932559,0.914311,1.173046,1.053061,0.748953,0.766625,1.108365,0.720320,1.156467,0.796804,1.193200,1.021580,1.154353,1.179766,0.818209,1.079979,1.156950,0.941608,1.309855,0.709290,0.844713,0.972154,1.010250,1.188879,0.959222,0.977506,0.989750,1.384433,1.879208,0.926780beta-alanine,0.970592,0.456934,0.617262,1.239097,0.834157,0.456934,0.926120,0.456934,0.892217,0.908876,1.688287,0.561815,1.007332,1.499513,0.456934,1.439009,0.668555,2.169967,1.914293,0.649373,0.784528,1.275970,0.773808,1.128825,1.008389,1.841666,0.456934,0.992668,1.439007,2.483804beta-hydroxyisovalerate,0.776627,0.499205,0.773290,0.618696,1.087164,0.537082,0.735251,0.499205,0.874460,0.504221,1.819879,0.642167,0.499205,1.114545,0.499205,1.083882,1.610286,0.516456,0.764275,0.942421,1.999303,1.096758,1.055872,0.775442,1.000000,1.321867,1.568808,1.428718,1.793344,1.053668betaine,0.690864,0.704274,1.010904,0.591420,0.693672,1.015598,1.234567,0.638297,0.604546,0.797326,0.521624,1.061454,1.821214,1.059281,0.851281,1.396289,1.849334,1.044730,0.989096,1.160904,0.803507,1.250511,1.665229,1.174655,1.142992,0.716525,1.785533,0.740397,0.501165,0.921109"bilirubin (E,E)*",1.491401,1.307903,1.186304,3.407313,1.827538,1.149360,2.025295,0.953313,1.661184,0.526214,0.577530,0.596008,0.809945,1.614857,1.116852,0.677753,0.656429,0.635982,0.556433,0.475994,1.129810,1.058429,1.399551,1.018619,0.981381,0.793878,0.809311,1.365966,0.839278,0.938971"bilirubin (Z,Z)",0.827769,0.827769,0.827769,0.827769,0.827769,0.827769,0.827769,0.827769,0.827769,0.827769,0.827769,0.827769,0.827769,0.827769,0.827769,0.827769,0.827769,0.827769,0.827769,0.827769,1.130509,0.827769,0.827769,0.869491,0.827769,0.827769,0.827769,1.264566,0.827769,0.827769bradykinin,1.126864,0.905989,1.076954,0.743343,1.657511,1.017310,1.195430,1.065582,0.580417,0.980099,2.268076,0.549875,0.967191,0.438697,2.333730,1.119875,0.784078,1.694292,1.363766,1.595134,1.397272,0.628310,0.698914,0.408757,0.647670,1.031976,0.394913,0.982690,1.657290,0.662150"bradykinin, des-arg(9)",1.170825,0.944055,0.478996,0.347936,1.103640,1.113627,0.396103,0.751484,0.901267,0.790589,1.105210,1.376459,0.571931,0.688834,1.072783,1.186723,0.893788,0.946550,1.285333,0.708092,1.547076,1.710299,0.682254,1.256019,1.600345,1.158644,0.839964,1.053450,1.790302,0.774555"bradykinin, hydroxy-pro(3)",1.165843,1.150128,1.420588,1.181796,1.004268,0.694812,0.655070,1.087528,1.363762,1.397293,1.006820,0.954446,1.346637,1.043219,1.081345,0.698035,0.846168,0.995732,1.337224,1.409791,0.793230,0.574207,0.525481,0.674675,0.830733,0.616452,0.532191,0.599781,0.765570,1.194860butyrylcarnitine,0.642696,0.470114,0.274529,0.402547,0.459351,0.274529,0.274529,0.387566,0.274529,0.274529,1.311891,1.127622,0.274529,0.597106,0.274529,1.039176,0.515154,0.691039,1.364652,0.597343,2.064430,0.960823,1.351866,1.092125,1.304314,1.080682,2.788514,1.337406,1.047942,0.438224C-glycosyltryptophan*,1.369131,1.135712,1.750697,1.360235,1.124198,1.161615,1.516479,1.181734,0.923212,0.902159,0.847919,1.016860,1.037165,0.961529,0.860430,0.734984,1.094576,1.100904,0.846808,0.994179,1.151646,0.981986,1.527640,0.782940,1.005821,0.594298,0.913149,0.847098,0.803843,0.954712caprate (10:0),0.935697,1.159577,1.508760,1.195748,0.867469,0.916809,1.437002,0.949540,1.435960,0.736734,1.155269,1.048161,1.313831,0.863383,0.951839,0.750803,1.267257,0.784772,1.114115,0.640458,0.929380,1.113625,0.881257,1.172969,1.158352,0.858492,0.914400,1.334127,1.267121,0.743030caproate (6:0),0.999369,1.096056,1.387344,1.103608,1.007479,0.889972,1.396638,1.357240,1.160540,0.908436,1.014185,1.063617,1.192258,1.000631,0.911385,0.689378,1.299968,0.781637,0.931749,0.636701,0.788401,0.914038,0.783464,1.122634,0.906196,0.717309,0.811753,1.078778,1.004186,0.651723caprylate (8:0),0.979577,1.200775,1.482280,1.124468,0.804248,0.886809,1.396091,0.946981,1.170079,0.705145,1.050576,1.245551,1.755943,0.828404,0.859363,0.703649,1.855372,0.794498,1.215135,0.542499,0.873337,1.061882,0.875325,1.229498,1.020423,0.814759,0.904477,1.361378,1.304731,0.649363carnitine,1.285604,1.190528,0.834147,1.260760,1.102552,0.857709,0.760193,0.833815,0.829294,0.918231,1.126709,1.278909,0.567556,1.061530,1.100050,0.875836,0.471444,0.905625,1.088842,0.955660,1.363046,0.716794,0.984707,1.241574,1.212564,0.977504,0.884848,1.222107,1.015293,1.064003carnosine,1.481775,1.355767,0.988093,0.425422,1.000000,0.425422,1.230414,0.658743,1.036260,0.861334,1.025476,0.946332,1.187216,0.425422,1.045189,0.570456,1.037007,0.904088,0.924966,0.983580,1.160234,1.246583,1.309473,0.425422,0.891244,0.470483,1.181273,0.758970,0.946244,1.160082catechol sulfate,0.158289,0.166322,0.290970,0.441530,0.240572,0.351231,0.243999,0.163996,0.438798,0.135842,0.929772,1.947412,2.098920,2.098830,1.235433,0.839093,3.021259,1.070228,1.150789,1.535871,1.860854,1.545626,2.317127,2.045323,4.184872,0.675055,7.869141,1.185327,0.742481,0.791778chiro-inositol,0.462183,0.462183,0.462183,0.462183,0.462183,0.462183,0.462183,0.462183,0.462183,0.462183,0.462183,0.462183,0.462183,0.882470,0.586889,0.462183,0.872909,1.771765,0.462183,1.000000,0.462183,1.029286,1.191495,0.465256,1.866693,0.462183,5.055384,0.462183,1.606503,0.860396cholate,0.227468,0.227468,0.227468,0.227468,1.266257,1.634643,0.227468,0.227468,0.227468,0.227468,0.227468,2.273916,1.891992,0.521781,0.227468,0.824186,0.523297,1.318980,0.682238,0.303700,0.227468,2.248396,6.968153,0.240600,9.527858,0.593349,36.335155,0.230794,1.000000,0.227468cholesterol,1.013602,0.807181,0.838522,1.247124,0.794941,0.923276,1.185884,0.837593,0.995980,0.799757,1.004020,0.887951,1.134250,1.270947,0.879491,1.137698,1.145550,1.054617,1.581004,0.646648,0.896356,0.888754,1.085505,1.317116,0.786992,1.182318,0.905423,1.048691,1.477957,0.677826choline,0.849336,0.934692,0.853027,0.812534,1.132071,0.785985,0.882909,0.578892,0.771475,0.949109,0.909423,1.132619,1.060641,0.775641,1.073130,1.361553,1.678512,0.980456,0.986986,0.818260,1.038947,1.358440,1.200642,1.441341,1.394805,1.478512,1.776969,1.132378,1.013014,0.906247cinnamoylglycine,0.262103,0.289252,0.306721,0.393159,0.312610,0.278520,0.289078,0.286547,0.239412,0.239412,0.910540,2.099166,2.159991,1.362745,0.402775,1.459889,2.775212,1.620765,1.366999,0.596047,1.000000,1.719898,3.299543,1.723805,0.400840,2.252054,2.163237,1.221688,1.538587,0.241500cis-4-decenoyl carnitine,2.600317,2.527751,2.776164,2.140754,1.955411,1.483939,3.188512,1.916734,1.232257,1.577039,0.248343,0.595964,0.991035,0.718921,0.681754,0.661093,1.838069,0.427935,0.339606,0.530269,2.178060,0.796662,1.242873,0.823144,1.260591,0.589767,1.000000,0.828344,0.248343,0.914957cis-aconitate,1.037170,0.987164,0.935396,1.130308,1.028656,1.093748,1.345425,1.047735,0.773806,0.958682,1.183050,0.857099,1.305252,1.012836,0.948673,0.777141,1.351218,1.140494,0.910979,0.965526,1.049819,0.899334,1.367561,1.039361,0.943119,0.890737,1.414241,0.652898,0.917473,0.948921cis-vaccenate (18:1n7),1.000000,1.951979,1.680824,3.824745,1.440071,2.563775,1.914641,2.308760,2.130535,1.904607,1.224806,1.595381,3.130659,0.713069,0.505768,0.505238,0.885794,0.591970,0.939788,0.382258,0.478199,0.428603,0.785100,1.135221,0.382258,0.805749,0.738202,0.729457,1.164940,0.914847citrate,0.982784,0.910543,0.809120,1.296886,0.803300,0.728589,1.134780,0.853470,0.812366,0.781676,1.168552,0.776878,1.766777,1.395482,1.067058,0.834329,1.627944,1.239482,1.008373,1.064249,0.902245,0.858850,1.425714,1.065026,0.991627,0.803881,1.529815,0.406695,1.042057,1.055622citrulline,1.438654,1.217245,1.268349,1.469566,1.192342,1.151130,1.293086,1.136887,1.161118,1.319221,0.943314,0.764855,0.988886,0.886975,1.011114,0.680966,1.086837,1.057277,0.853473,0.925238,0.981896,0.922374,1.288668,0.980399,0.834419,0.619638,1.161653,0.769347,0.849804,0.831160cortisol,1.341062,1.822473,0.393409,1.362597,1.049387,1.969785,1.413072,1.832611,0.895066,1.224848,1.151657,1.263405,0.513387,0.867963,1.070380,1.046665,0.959147,0.693150,0.602859,1.188025,0.937004,0.584008,0.594374,0.537200,0.773866,1.116520,0.812537,1.040853,0.863380,0.860701cortisone,1.211986,1.005668,1.099970,1.155254,0.983603,1.524256,1.489097,1.208884,1.570414,1.299483,1.007216,0.868946,0.826649,0.895157,0.747949,1.151899,0.865489,0.733935,0.694553,1.087863,0.994332,0.856419,0.828277,0.749924,0.690119,1.241515,1.013764,0.613504,0.776511,1.230451creatine,0.260301,0.809516,0.956606,0.980359,1.230937,0.785074,1.257831,0.644378,0.908345,0.591024,0.474157,1.235767,1.331750,1.378281,1.565017,1.592047,1.425259,1.173032,1.360534,1.325553,0.400950,1.174787,0.738255,1.348722,1.001722,0.998278,1.178310,0.966904,0.892754,0.705205creatinine,1.659962,1.838181,1.483348,1.145507,1.164339,1.399438,1.046734,1.467324,1.315471,1.229153,0.815339,0.952777,0.850037,0.712932,0.896293,0.766283,0.694528,1.012691,0.823718,0.906015,1.016521,1.012897,1.001843,0.757626,0.821679,0.735489,0.562504,0.998157,0.923562,1.068739cysteine,0.836081,0.662891,0.330226,0.414248,0.811190,0.808537,1.007203,0.959089,1.187175,0.635215,0.886706,1.344389,1.989387,1.408309,1.154787,0.379829,1.352767,1.005556,0.886681,0.975403,1.185387,1.765750,1.369216,1.349842,0.868201,1.331465,0.994444,1.146435,1.333380,0.843386dehydroisoandrosterone sulfate (DHEA-S),1.720671,1.067403,1.800932,1.460476,0.853057,4.647368,1.539521,1.239850,1.858680,3.686263,1.103731,0.549823,0.802975,0.674233,0.317821,2.561421,0.493675,0.673682,0.932597,2.717635,0.675396,0.367817,1.373677,0.595032,0.355408,2.122595,0.437694,0.921390,0.780559,2.210477deoxycarnitine,1.454368,1.507689,0.878690,1.118551,1.105658,0.973308,1.004030,0.643870,0.763870,0.881901,0.894090,1.368977,0.797444,0.756926,0.995970,1.031325,0.715852,0.976821,0.834292,0.800467,1.496986,1.101678,1.359233,0.906707,1.698814,1.268588,2.179539,1.327325,0.895925,1.092469deoxycholate,1.923167,0.939648,0.322602,1.387614,2.042374,0.954079,0.384009,0.233374,0.509677,1.290138,1.105961,2.805392,0.626503,1.238638,1.171398,1.304155,1.709593,0.521109,0.492910,0.850426,1.045922,1.832749,0.298355,1.541942,5.337172,0.952705,2.932378,0.440497,0.263060,0.595754dihomo-linoleate (20:2n6),2.436596,3.130766,2.464085,4.244345,2.394361,2.888602,2.914512,3.540607,2.141909,2.775380,0.658801,0.879164,0.724198,1.033479,0.807586,0.791079,0.966521,0.890937,0.809470,0.800043,0.907112,0.546948,0.823433,1.609711,0.790115,1.166860,0.682709,0.673867,1.076768,1.121411dihomo-linolenate (20:3n3 or n6),1.426898,1.651228,1.418339,1.622467,1.387458,1.511848,1.736763,1.683857,1.252499,1.307967,0.660699,0.801456,0.599283,0.946869,1.035711,0.804607,0.766029,1.151228,0.986071,0.797959,0.849696,0.676188,0.829198,1.208443,0.910527,1.076600,0.681681,0.811826,0.886976,1.013929dimethylarginine (SDMA + ADMA),1.060363,1.145980,1.113655,1.495407,0.937039,0.869050,1.147147,1.143155,1.221150,0.902629,0.988344,1.051713,1.079485,1.011657,0.980554,0.693567,1.262337,1.184427,0.889799,0.890127,0.943616,0.968247,1.062546,0.808793,0.841691,0.739071,0.771393,1.086950,0.881256,1.026064dimethylglycine,0.743491,0.364453,0.364453,0.892439,0.364453,0.364453,1.780913,0.662414,0.364453,0.364453,0.873137,0.707360,0.364453,0.658645,1.432254,0.364453,1.755785,0.364453,1.347507,1.165638,0.807867,0.364453,1.212853,0.679127,1.088131,0.653400,2.799272,1.000000,1.735388,1.518222docosadienoate (22:2n6),1.590672,2.844324,1.918915,2.257834,1.495055,2.301018,1.963094,4.145386,1.322621,1.810154,0.456003,1.355448,0.806512,0.492434,1.019260,0.456003,0.624875,0.607940,0.827747,0.643290,0.686899,1.000000,0.635164,1.257551,0.471872,1.160544,0.735281,0.785193,0.970890,0.697011docosahexaenoate (DHA; 22:6n3),0.801852,0.764292,0.630397,0.843009,0.735095,0.653690,0.635943,0.548960,0.568516,0.664991,0.902096,1.117909,0.941171,1.220178,1.293570,1.067604,1.021394,1.337915,1.269860,1.042401,1.740571,0.843944,1.132622,1.377116,1.270564,1.509946,0.787910,0.978606,1.227617,1.756463docosapentaenoate (n3 DPA; 22:5n3),1.400602,1.159624,0.655679,1.273807,0.853767,1.512952,0.856106,0.761274,0.617507,0.905791,0.662427,0.753540,0.696404,1.184639,1.046793,1.028902,1.048964,1.383422,0.995970,0.894152,1.697416,0.913840,1.143848,1.365891,0.813788,1.500876,0.792927,0.792607,1.004030,1.662892dodecanedioate,1.220965,1.460268,1.100542,1.130063,0.806395,0.873239,1.104701,1.604821,0.941602,1.155523,0.806395,0.806395,0.806395,0.806395,0.978692,0.806395,1.011459,0.806395,0.912127,0.988541,0.984530,0.806395,0.806395,0.806395,1.104942,0.916132,0.812247,0.806395,0.806395,0.806395EDTA,1.167240,0.891716,1.058873,1.041881,0.963624,0.933815,0.899621,1.030427,1.132571,0.848790,1.025691,0.948523,1.070407,1.246630,0.956066,1.282041,1.068646,1.102654,1.176641,1.043812,0.976771,0.786921,0.780417,0.968244,1.023229,0.972892,0.836519,0.717905,0.881449,1.058777eicosapentaenoate (EPA; 20:5n3),0.847194,0.711453,0.845363,0.814915,0.801798,0.794250,0.691783,0.812186,0.841318,0.621798,1.312461,1.200401,1.168745,1.317131,1.213802,1.072121,1.010006,1.198155,1.471625,0.915608,0.989994,0.957260,0.906867,1.119011,1.090837,1.135023,1.141970,0.955077,1.023412,1.150241eicosenoate (20:1n9 or 11),2.439842,3.558426,3.246574,4.175205,2.348274,3.028458,2.771496,3.776824,2.092620,2.779294,0.662644,0.992929,0.967736,0.849547,0.804840,0.887979,1.007071,0.611516,0.829568,0.513915,1.010193,0.436470,0.857892,1.332785,0.658418,1.261924,0.632718,0.593304,1.208425,0.788711epiandrosterone sulfate,1.575091,0.458540,1.578974,0.759151,1.608957,1.584102,0.932809,1.002221,0.827464,1.562454,1.048514,0.458540,1.078171,0.478792,0.988923,0.675719,0.458540,0.984199,0.997779,1.083158,0.703547,0.532324,1.870086,0.819343,1.545095,0.814813,0.988127,1.068406,1.276360,1.697925erythritol,1.064062,0.802683,0.664581,0.951829,1.231194,0.714977,1.077378,1.119891,0.868518,0.939506,1.225027,1.118047,1.291767,0.984243,1.275642,0.665499,1.982588,1.232721,0.762836,1.012302,0.802896,1.296907,2.118181,0.865122,2.116040,0.638445,3.293542,0.847991,0.987698,0.792096erythronate*,1.309664,0.945505,0.631896,1.035372,1.013910,0.833883,0.998387,0.770874,0.988936,0.789239,1.358496,1.203114,1.255071,1.228421,1.045324,0.858052,1.792726,1.001613,0.811718,0.624947,0.797269,1.314398,1.280298,1.066904,1.077982,0.497731,1.369629,0.635760,0.869228,0.521121erythrose,0.768547,1.333551,0.480391,1.438711,1.447854,3.924952,1.638536,0.378126,0.655337,0.813041,0.318310,1.005715,1.448298,0.882728,0.851091,0.878480,1.018245,0.297609,0.395608,1.065774,1.000000,1.122548,1.230395,1.433764,1.228831,1.515156,0.462481,0.490354,0.595282,0.297609fructose,0.909586,0.836443,1.611319,0.874968,0.677086,0.531713,0.544095,0.963355,0.833422,0.931385,1.386413,2.933725,2.328804,1.396873,1.311341,1.030250,5.057961,1.308447,0.626007,1.537165,0.784868,2.171798,1.532355,1.704000,1.532105,0.969750,1.510700,0.781173,0.650629,0.870309fumarate,1.048113,0.914214,0.562232,1.341723,0.359139,1.000000,1.145539,1.222420,0.502877,0.530821,1.506832,0.707051,1.527162,0.730227,0.578066,0.594850,2.516945,1.969644,1.070215,0.359139,1.212621,0.864980,1.435835,1.196136,0.555109,1.004454,0.405328,0.881635,1.283594,0.678800gamma-glutamyl-2-aminobutyrate,0.873258,0.596406,1.281181,1.094184,1.008695,0.462667,0.750583,0.666697,0.473965,0.991305,0.665091,1.193622,1.040614,1.123584,1.011751,0.860948,1.181639,1.134026,1.322830,0.926391,1.133785,1.375268,0.605444,1.155741,1.030339,0.907919,1.167406,0.535708,0.507378,0.708204gamma-glutamylalanine,1.058088,1.004930,0.783660,1.384490,0.650446,1.111252,0.718106,0.696095,0.717854,0.998110,1.184772,1.001890,1.269969,1.150366,1.003947,1.251787,0.607887,1.351866,1.034808,1.334793,1.279967,0.711370,0.825497,0.831846,0.844808,0.696821,0.878641,0.505373,0.662182,1.132476gamma-glutamylglutamate,1.172549,1.070461,0.996061,0.938962,1.470715,1.341558,1.403323,1.462247,1.003939,1.197645,1.164328,1.068058,1.324305,0.749989,1.132374,0.921926,0.842254,2.015322,1.034009,1.057385,0.415939,0.430792,0.867504,0.715002,0.515529,0.495632,0.463668,0.613210,0.518354,0.414798gamma-glutamylglutamine,0.921686,0.860477,0.641072,1.131126,0.698032,0.880994,0.520490,0.846208,0.773068,0.946670,1.305838,0.744280,1.029619,1.133340,1.160266,1.479272,0.402811,1.582782,1.124703,1.484120,1.425532,0.988278,1.011722,1.103613,1.246872,1.017509,0.813435,0.891999,0.942555,1.501336gamma-glutamylisoleucine*,1.286249,1.036237,0.975856,0.821602,1.418792,1.087367,1.686830,1.309432,1.134985,1.213067,1.695252,0.819325,1.340584,0.969143,1.300172,0.738472,1.024144,1.821079,1.522547,1.304806,0.814534,0.590235,0.774177,0.686134,0.651012,0.666077,0.630025,0.809579,0.888652,0.766727gamma-glutamylleucine,1.223442,0.952928,0.759784,0.814370,1.259779,0.940858,1.365937,1.108234,1.152776,1.251644,2.219968,0.781391,1.342034,1.196858,1.519163,0.923311,0.984960,2.016542,1.851932,1.690074,0.999070,0.662395,0.973033,0.867444,0.865951,0.763979,0.887089,0.975104,1.049152,1.000930gamma-glutamylmethionine,1.033911,1.012605,0.655852,1.245113,0.945114,1.091653,0.924218,0.655985,0.824337,0.991397,1.253157,0.910307,1.200213,1.314594,1.136234,1.330532,0.830857,1.779076,1.185960,1.655416,0.976897,0.660626,0.923219,0.812921,1.008603,0.860651,1.286663,0.727164,0.771813,1.208937gamma-glutamylphenylalanine,0.972529,0.744691,0.804722,0.804294,0.881983,0.842458,1.165422,0.850376,0.815886,0.892883,1.576916,0.709893,1.272184,1.356540,1.145981,0.989185,1.126462,1.507183,1.379848,1.441591,1.142074,0.671709,1.156367,0.913651,0.952398,0.886249,1.222826,1.010815,1.047176,1.194835gamma-glutamylthreonine*,1.224820,1.009143,0.909130,0.996652,1.058594,1.061342,1.322195,1.033813,0.875343,1.003348,1.625141,0.691321,0.858410,0.891686,1.154287,0.953814,0.720704,1.562469,1.046524,1.195407,1.130615,0.474119,1.179929,0.701794,0.891546,0.762993,1.005096,0.793982,0.762224,0.837303gamma-glutamyltryptophan,0.988424,0.863557,0.866182,0.874081,1.011576,1.190637,1.569161,1.176792,1.095640,0.946243,1.328577,0.718453,1.189524,1.091806,1.236905,1.071476,1.298131,1.152771,1.580229,1.242232,0.725750,0.587178,0.839158,0.863919,0.758149,0.865914,1.120311,0.578403,0.821170,0.919736gamma-glutamyltyrosine,0.890239,0.761919,0.741025,1.102425,1.025783,0.870747,0.876569,1.007385,0.810906,0.820452,1.743023,0.862902,1.212250,1.709388,1.326641,1.118307,0.782869,1.575329,0.978816,1.296942,1.244923,0.808390,0.999958,1.000042,1.099607,0.919252,1.031260,0.905313,0.818045,1.074888gamma-glutamylvaline,1.551802,1.127334,1.096808,1.000230,1.511409,1.229645,1.670639,1.422001,1.200720,1.406713,1.674493,0.744421,0.999770,0.996045,1.216375,0.860865,0.828933,1.715453,1.428796,1.274516,0.704489,0.562493,0.640194,0.684032,0.625470,0.740748,0.482280,0.870683,0.810284,0.819437glucose,0.924489,0.566992,0.771991,0.684121,0.476747,0.458418,0.679544,0.918660,0.953226,0.996683,1.042877,1.225178,1.256959,1.034235,0.794812,1.008211,1.374195,1.379440,1.067057,0.767704,0.650173,1.215563,1.213368,0.862602,0.830519,1.003317,1.589315,1.188693,1.157101,1.437437glutamate,1.101877,0.993286,0.995550,0.798736,1.322988,1.102290,1.326161,1.246226,0.908990,1.037082,1.007308,1.194320,1.149746,0.965526,0.946002,0.904463,1.276037,1.427223,1.109600,1.018778,0.705327,0.801408,1.182336,0.952991,0.663166,0.761159,0.718570,1.004450,0.798401,0.616872glutamine,0.806297,0.816624,0.545275,0.946700,0.595431,0.813548,0.381692,0.661577,0.867341,0.841412,1.123046,0.782851,0.738779,1.107581,0.901551,1.242570,0.434888,1.087335,1.072810,1.246750,1.471469,1.383503,1.113503,1.312952,1.181040,1.368379,0.805550,1.053300,1.222346,1.571459glutarate (pentanedioate),0.796418,1.207182,0.393282,1.692898,1.597100,0.615009,0.776520,0.393282,0.705453,1.044203,1.498226,0.393282,1.814232,0.393282,0.393282,0.393282,2.576870,0.393282,1.000000,0.393282,0.393282,0.393282,2.543801,0.393282,0.393282,0.393282,0.689440,0.393282,0.723409,0.666935glycerate,1.069249,1.148107,0.799020,0.919321,1.337921,0.726339,1.083472,0.775040,1.168847,0.660083,1.052360,0.985920,1.434187,0.898517,1.271792,0.863577,1.225966,1.019377,0.948365,0.548295,0.790955,1.265706,1.404701,1.014080,1.038042,0.793421,0.806431,0.793739,1.047707,0.517656glycerol,1.297206,1.568480,1.283706,1.464738,1.167503,1.320315,1.589944,1.703285,1.081456,1.294937,0.849533,0.956733,1.035953,1.099834,0.698835,0.870056,1.129855,0.821247,0.964047,0.690617,0.763249,0.748671,0.850378,1.132273,0.819953,0.917312,0.909589,0.952925,1.041677,0.816721glycerol 2-phosphate,1.050843,0.413700,0.897535,0.413700,0.812043,0.413700,0.867846,1.617091,0.869633,0.949157,1.453291,0.887491,1.963887,0.413700,1.103111,1.317431,0.413700,0.413700,0.496797,0.413700,0.413700,0.908407,0.413700,1.599643,0.413700,2.091543,0.413700,0.413700,1.540494,0.413700glycerol 3-phosphate (G3P),1.313145,0.986923,0.913650,1.064433,1.037498,0.626765,0.886915,0.885346,0.697548,0.781059,0.925618,1.347727,1.816141,0.972573,1.013077,1.147682,1.921430,0.712199,1.095518,0.877456,0.822779,1.668455,0.916808,1.616972,1.302367,1.328831,1.104670,0.772034,1.107649,0.746051glycerophosphorylcholine (GPC),0.895426,1.083866,0.980335,1.112672,1.050727,0.688885,0.676386,0.993009,1.135923,0.961548,1.065751,1.163368,0.997338,1.002662,1.022892,1.103281,1.037216,1.155244,1.261073,0.880609,0.475240,0.878764,0.690346,1.354453,0.798158,0.830227,0.333219,1.085064,1.044729,0.736120glycine,1.190273,1.195298,0.843673,0.894260,1.050383,0.922284,0.628305,0.896506,0.951102,0.887939,2.021134,0.942593,1.010653,0.879536,0.839393,1.103910,0.747339,1.855608,1.516217,0.697092,1.153062,0.989347,1.024970,0.718130,1.392390,1.070779,1.293360,0.956170,1.170113,1.470598glycocholate,1.255075,0.360030,0.131499,0.237507,1.133483,0.344957,0.161888,0.179128,0.177950,0.181786,1.672707,11.503263,6.609221,0.636499,0.140023,3.110977,3.772064,1.916387,0.866517,0.283726,2.468944,3.702827,0.864945,1.781672,1.161758,1.809083,5.086038,1.259494,0.643831,0.127797glycodeoxycholate,3.592105,0.466125,0.114550,1.023102,3.766252,1.048823,0.321515,0.327625,0.316326,0.884749,2.913952,5.981671,4.803254,0.593249,0.405110,5.232716,1.677784,0.976898,0.370678,0.468508,4.366817,3.291345,0.264648,1.404739,1.492030,1.709718,1.632141,0.508946,0.408596,0.384609glycolate (hydroxyacetate),1.144090,1.040941,0.908773,1.270620,1.050471,0.911288,1.057374,1.243852,1.110894,0.952221,0.801535,0.960503,1.262952,1.162495,0.855298,0.709921,1.041080,0.968303,1.119986,1.019479,0.818180,0.842484,1.339666,1.157749,1.161579,0.826512,0.963098,0.562348,0.897759,0.980521glycolithocholate,1.830742,0.819441,0.364309,0.643471,2.250634,0.903280,0.484794,0.690533,0.433694,0.814034,0.929660,3.749179,5.697413,1.799487,1.474446,2.192846,1.808536,1.865309,0.482934,0.848988,0.960293,3.182024,1.039707,1.341408,1.968142,1.710355,1.535119,0.891687,0.868103,0.518000glycolithocholate sulfate*,1.268376,1.326953,0.757147,0.916971,0.960612,0.757147,0.846875,0.757147,0.757147,0.757147,0.757147,2.862196,2.137980,0.757147,0.757147,1.039388,0.808317,0.757147,0.757147,0.757147,0.757147,1.903198,1.184414,0.792255,0.757147,0.769910,0.757147,0.757147,0.757147,0.757147glycyltyrosine,0.464072,0.464072,0.464072,0.464072,0.464072,0.464072,0.464072,0.464072,0.464072,0.464072,0.464072,2.684396,0.464072,0.562662,0.464072,0.700349,1.302483,1.885815,0.997283,0.464072,1.481450,1.016415,0.464072,0.824525,0.565709,1.000000,0.464072,0.464072,1.696757,0.464072heme*,1.416724,1.143124,1.311257,0.502637,3.425754,0.509034,0.519772,0.689521,1.409314,1.255465,0.951383,0.475748,1.506018,0.876021,0.956004,1.356402,0.468166,2.871503,1.002337,0.462780,1.579075,0.991468,1.414046,0.593231,1.031675,1.690570,0.713637,2.404627,0.997663,0.448695heptanoate (7:0),0.894463,1.007914,1.330962,1.003338,0.765170,0.813626,1.201900,1.071754,1.034021,0.655816,0.871176,1.817967,1.848016,1.043563,0.807784,0.621161,2.481193,0.642327,1.044275,0.538519,0.812759,0.955969,0.799063,1.447693,0.996662,0.711055,1.213032,1.197700,1.109011,0.595199hexadecanedioate,1.461690,3.403405,0.723265,0.860332,0.692287,1.704086,1.131932,2.681396,1.397973,1.397791,1.250217,0.851377,1.064922,0.808079,0.700309,0.688337,1.642355,1.193595,1.205725,0.988396,1.283067,0.920917,0.886828,0.667730,0.685062,0.968162,1.293996,0.884901,1.011604,0.723755hexanoylcarnitine,1.426607,1.287033,1.186285,1.807075,1.132405,1.250556,1.886120,1.000000,0.843822,0.934921,0.716205,1.080647,1.181418,0.807553,0.794664,0.681888,2.028672,0.485392,0.776810,0.485392,1.608300,0.835668,1.235604,1.400954,0.980555,0.829986,2.092595,0.981275,0.907645,0.545422hippurate,0.685168,0.807341,0.745184,0.954356,0.672748,0.614156,0.905807,0.644788,0.658015,0.399647,0.991450,1.374428,1.615257,1.392572,1.968165,0.624612,3.734591,1.008550,1.202466,1.326872,0.822315,1.389574,2.145271,1.215771,2.400836,0.954858,2.781689,0.908396,1.164627,1.130945histidine,1.040751,0.972501,0.867209,0.983301,0.954298,0.997707,0.927372,0.838568,0.956288,0.984304,1.171068,0.887420,1.002293,1.092695,1.095585,1.121882,0.982107,1.064412,1.044816,1.195428,1.066731,1.021577,0.990295,0.987788,1.065392,1.014685,1.156620,0.888202,0.958033,1.159096homostachydrine*,0.201001,0.201001,0.201001,0.201001,0.201001,0.201001,0.201001,0.201001,0.201001,0.201001,0.569165,0.878229,3.734174,1.328204,0.715214,0.489876,1.847556,1.341029,0.855912,1.867062,0.523735,1.153304,1.186736,1.121771,1.129280,0.404837,2.361988,0.201001,0.608257,0.733317HWESASXX*,1.582173,0.982575,0.269903,0.318256,1.378282,1.933012,0.077524,0.408235,0.895705,0.568332,1.358242,8.459828,0.863897,0.665263,1.112855,4.253472,1.017425,0.553423,2.106657,0.612173,0.924336,10.228331,3.373416,3.430626,1.151041,6.932985,0.678016,0.832062,2.727939,0.593179HXGXA*,1.480942,1.148209,0.355892,0.497524,1.285855,2.077888,0.089040,0.469610,1.009276,0.911993,0.801949,5.569240,1.433644,0.990724,0.593701,1.941574,1.364885,0.402990,1.454820,0.750946,0.569540,6.708460,3.027487,4.299911,1.165058,4.768379,0.822391,0.375673,0.906749,0.944623hydroxyisovaleroyl carnitine,1.393368,0.430179,0.406424,0.720058,0.874170,0.586038,0.705112,0.423528,0.765490,0.723399,1.509700,0.713644,0.651735,1.244659,1.263639,0.724078,1.563310,0.999743,1.234255,1.511480,1.955100,0.702959,1.033762,1.154645,1.268698,1.000257,1.546821,0.847609,1.064891,1.354695hypoxanthine,0.336985,2.150946,1.056738,2.898592,0.540226,0.580892,0.336985,2.584339,2.219992,2.194779,0.336985,0.336985,0.336985,1.366711,0.526617,0.558689,0.646590,1.503798,1.973839,0.994662,0.458352,1.000000,0.336985,0.976550,0.336985,0.346444,0.352603,0.336985,1.006282,2.676522iminodiacetate (IDA),1.035450,0.956902,0.656566,1.043685,0.917882,0.776376,0.829194,0.951110,1.082062,0.892618,1.179034,1.032667,1.209674,1.114085,0.949285,1.007067,1.280795,1.281987,1.206570,0.992933,0.801053,0.941646,0.859296,1.048262,1.075995,0.822827,1.126271,0.814675,0.831602,1.132671indoleacetate,0.870444,0.870147,0.837959,1.510569,0.783421,1.154756,0.723187,0.511272,0.961329,0.937953,1.019966,1.318580,0.998948,1.378307,0.933802,0.815733,1.405191,1.000406,1.087360,1.125987,1.442860,0.729878,0.999594,1.405089,1.359709,0.812846,2.037794,0.862458,1.280186,1.423659indolelactate,0.993532,0.362768,0.480683,0.580388,0.588366,0.879236,0.855582,1.006468,1.212906,0.770956,1.406921,0.362768,1.145892,0.925800,0.362768,0.762259,1.604979,2.184514,1.163857,0.362768,0.792344,0.671591,1.798543,0.672079,1.980378,0.362768,2.156005,1.330832,1.423924,1.216231indolepropionate,0.690825,0.648395,0.816795,0.692563,1.257320,0.860130,0.898644,0.597957,0.815384,0.523494,0.871973,1.003016,0.676805,1.045148,1.088433,1.156239,0.996984,1.234785,1.450811,2.155266,0.944165,1.647384,1.686047,0.958253,4.415818,1.027455,0.873044,1.220627,1.492119,1.151984inosine,0.518267,0.520267,0.518267,0.518267,0.518267,0.518267,0.518267,0.518267,0.518267,2.264328,0.518267,0.518267,0.518267,1.000000,0.518267,0.518267,0.518267,0.518267,0.518267,0.518267,0.518267,0.518267,0.518267,0.518267,0.518267,0.518267,0.518267,0.518267,0.518267,3.424197"Isobar: 2-propylpentanoic acid, 2-ethylhexanoic acid",0.618390,0.817954,0.816143,0.674420,0.697843,0.494714,0.816027,0.634795,0.772065,0.489454,1.015072,1.059740,1.503937,1.085231,1.087385,0.727969,1.395073,0.796356,1.436520,0.652315,0.984928,1.289081,1.156009,1.572822,1.170236,1.015801,1.153468,1.470649,1.816063,0.584398isobutyrylcarnitine,1.419769,1.385711,1.002827,1.142441,0.988084,0.783641,0.785812,0.973702,0.997173,0.829701,1.713156,0.394352,0.948766,0.690840,1.703210,0.705395,0.953587,0.852691,1.665627,1.713451,1.494965,0.681484,1.781318,1.137550,1.880154,0.807537,1.843400,0.768562,1.349651,1.731467isobutyrylglycine,1.619617,1.457548,1.124918,0.927913,1.260999,1.053041,0.873045,0.787980,0.811674,0.700553,1.001799,0.700553,1.190696,0.854447,0.964647,0.700553,0.705893,1.348073,1.335685,1.084959,0.700553,0.813828,1.194949,0.977404,0.700553,1.482686,0.723572,0.998201,1.381407,0.865615isoleucine,1.036105,0.928080,0.745811,0.789241,0.888306,0.807458,0.934950,0.866131,0.872331,0.967457,1.290745,0.844723,1.045202,1.089752,1.032543,0.829857,1.135901,1.133225,1.371716,1.249084,1.190301,1.055826,1.187184,0.859422,0.931020,0.947121,1.066406,0.946635,1.033815,1.139652isovalerate,3.360890,2.955153,3.315723,2.887626,2.608865,1.791643,2.517015,1.237885,1.712786,1.243321,0.864999,1.214482,1.572492,0.960952,1.039048,0.853374,0.784670,1.412055,1.494376,0.583844,0.400303,0.350132,0.566128,0.710966,0.373209,0.599906,0.503564,0.488338,0.561309,0.296013isovalerylcarnitine,0.987205,0.883370,0.604121,0.963591,0.706192,0.540877,0.659759,0.601740,0.476692,0.532276,1.538406,0.984149,1.012795,1.481293,1.635057,0.864740,1.026293,0.801757,1.133985,1.124161,2.347538,0.823571,2.285046,1.578722,2.010630,1.084397,3.239406,1.295761,0.952151,1.535796isovalerylglycine,0.718775,0.955960,1.020609,1.037468,0.841807,0.843258,0.921269,0.833526,0.937145,0.658582,1.232676,0.658582,0.834214,0.991130,1.107441,1.040588,1.446238,0.988364,1.868099,1.000000,1.605270,1.074702,1.482734,1.174929,1.219211,1.342853,0.982302,0.929212,1.766064,0.955442kaempferol 3-O-beta-glucoside,1.000000,1.000000,1.000000,1.000000,1.000000,1.000000,1.000000,1.000000,1.000000,1.000000,1.000000,1.000000,1.000000,1.000000,1.000000,1.000000,1.000000,1.000000,1.000000,1.000000,1.000000,1.000000,1.000000,1.000000,1.000000,1.000000,1.000000,1.000000,1.000000,1.000000kynurenine,0.988832,1.229909,1.080343,1.282403,0.731659,0.867387,1.774895,1.872437,1.307331,0.840474,0.949110,0.420120,1.064445,0.933129,0.683971,0.690027,1.322710,2.034477,1.080043,0.902046,1.011169,0.554204,1.251045,0.804225,0.737669,0.767725,1.287346,1.225857,0.848816,1.101035lactate,0.781365,1.838812,0.501211,1.426145,0.513819,1.002780,0.951557,1.112643,1.848535,1.157034,1.015657,0.827322,0.509069,0.951777,0.455653,1.317402,1.037189,0.871438,1.436401,0.775638,0.595053,0.691056,1.373996,0.952137,0.912116,0.997220,1.102430,1.139879,1.168180,1.054149laurate (12:0),0.998827,1.108606,1.346166,1.194612,0.897990,0.972112,1.284040,0.967305,1.186388,0.825365,1.070367,1.001173,1.173873,0.958042,0.948266,0.809591,1.178270,0.915281,1.139511,0.715790,0.879858,0.992188,1.022534,1.107041,1.091345,0.841586,0.977809,1.122218,1.078380,0.761616laurylcarnitine,1.480089,1.620110,0.955706,1.841176,1.202568,1.507314,1.937956,1.123647,1.000000,1.997323,0.355342,0.926795,1.322207,0.807776,0.355342,0.974916,1.289432,0.526368,0.355342,0.504273,2.205100,1.016305,0.823739,0.706337,0.778577,1.049461,0.425033,0.652193,0.355342,0.487682leucine,0.908152,0.797899,0.572299,0.707767,0.796118,0.643243,0.826582,0.733320,0.794699,0.971706,1.210100,0.721594,1.183709,1.135132,1.079374,0.805060,1.126717,1.251286,1.267198,1.309784,1.138550,1.106222,1.092792,0.907341,0.938557,0.833628,1.375099,1.034782,1.028294,1.245467leucylleucine,1.274880,1.647725,0.487256,0.487256,1.503162,1.048745,0.487256,0.487256,1.087744,1.113828,0.951255,1.421005,0.719546,0.799567,0.787827,0.640161,0.487256,0.883028,0.757116,1.148300,0.649385,1.685777,5.316202,1.067274,0.897377,1.516708,0.652401,0.487256,0.549559,0.487256leukotriene B4,1.068128,1.336176,1.097849,1.370746,0.733944,0.734811,1.142233,0.714252,0.931872,0.672851,0.672851,0.672851,0.672851,0.672851,0.672851,0.672851,0.672851,0.672851,0.672851,0.672851,0.672851,0.672851,0.672851,0.672851,0.672851,0.672851,0.672851,0.672851,0.672851,0.672851levulinate (4-oxovalerate),0.734339,1.000975,1.070003,0.682857,0.740471,1.124206,1.026734,0.487277,1.176928,0.431854,1.334210,1.342940,0.914201,0.908865,1.426720,0.708944,0.999025,0.586162,1.211150,0.604927,0.745611,1.172752,1.243881,1.125448,1.234880,0.603034,0.995138,2.490698,3.053515,0.593532linoleate (18:2n6),2.759357,3.068423,3.149788,2.679717,2.844267,3.051107,2.918028,3.529572,2.174385,2.661890,0.736378,1.097440,1.133931,0.760756,0.940992,0.786000,0.961511,0.788826,0.759388,0.730770,0.865485,0.576190,0.900653,1.038489,1.066574,0.815798,0.900545,0.691353,0.796096,1.220299linolenate [alpha or gamma; (18:3n3 or 6)],1.829806,1.736459,1.526211,1.692181,1.639635,2.313320,1.426320,2.264230,1.084539,1.384796,0.580790,1.304911,1.232570,0.778763,0.945806,0.725979,0.918166,0.763564,0.690530,0.599298,0.593439,0.546430,0.841728,1.152099,1.054194,0.812534,0.854659,0.607118,0.772799,1.334556lysine,1.646463,0.579188,0.295353,0.778202,0.769935,0.674497,0.739772,1.273631,0.877372,0.967807,2.604265,0.653407,0.688649,1.523847,1.158064,1.706147,0.813700,2.200006,2.438649,1.032194,1.051169,0.460374,0.777652,0.411546,0.612753,1.074471,1.501358,1.097148,1.554265,1.994737malate,1.150619,0.976537,0.446294,1.313659,0.430651,0.941253,1.023463,1.386331,0.633127,0.464791,2.505056,0.968940,2.466945,1.805783,0.460427,0.859045,3.394170,2.434736,1.435692,0.634891,1.204913,0.661011,3.006139,1.267820,0.604925,0.914669,3.113436,0.880286,1.419907,0.548060mannose,1.177925,0.755543,1.312971,0.837131,0.572130,0.542668,0.699783,1.292081,1.262032,1.049853,0.906874,1.435961,0.987875,0.710199,0.555183,0.805776,1.868550,1.656583,0.996646,0.476531,0.413286,1.218135,1.003353,0.845390,1.054289,0.794374,1.665686,1.883517,1.444722,1.269819margarate (17:0),1.672590,1.418237,1.318448,1.334841,1.603534,1.323542,1.147761,1.462929,1.066477,0.672283,0.979012,1.020988,1.633061,0.802949,1.038595,0.927904,1.235960,0.888515,1.035667,0.767150,0.772365,0.672283,0.912057,0.858267,0.832781,0.932813,0.729209,0.736349,0.925109,0.672283methionine,0.945250,0.893720,0.655791,1.058974,0.843806,0.862046,0.845334,0.584276,0.811285,0.775271,1.027951,1.016742,1.038634,1.242201,0.944066,1.093047,1.165508,1.055855,1.120860,1.283701,1.068980,0.846191,1.297164,0.983258,1.135728,0.965224,1.515191,0.777385,0.798411,1.230069methyl palmitate (15 or 2),0.905946,0.759141,1.047870,0.787216,1.078493,0.767937,0.313449,0.664375,0.997269,0.766962,1.300001,0.869956,0.313449,1.325936,1.309074,1.212473,1.123904,1.373968,1.331775,0.886934,1.040629,0.967010,1.081919,0.920905,0.943333,1.106220,1.226466,1.027129,0.921354,1.000000methylphosphate,0.977684,0.710930,0.609841,1.841595,0.598550,1.349693,1.742040,0.426922,0.821911,0.588904,0.729767,0.832482,1.342714,1.311541,0.772281,1.933304,1.474535,0.825371,1.916080,0.586277,0.641975,1.022316,1.195683,1.332490,0.426922,1.453329,0.426922,1.305187,2.085285,0.536146myo-inositol,0.801464,0.711671,0.496718,0.595571,0.585907,0.337309,0.727352,0.586581,0.707783,0.876108,1.096913,1.213305,1.501261,1.575433,1.190007,1.018232,1.413266,1.357365,0.937558,1.058226,0.888686,1.059175,1.881623,0.981768,1.173938,1.106040,2.053493,0.775935,0.923611,1.586826myristate (14:0),1.190114,1.231657,1.421125,1.406054,1.120149,1.229138,1.414883,1.369473,1.265965,1.381733,1.126116,1.069258,1.063774,1.007534,0.968202,0.895214,0.992466,0.988806,1.040881,0.752358,0.814213,0.844794,0.959828,0.991859,0.897011,0.900603,0.930202,0.858980,0.927471,0.843463myristoleate (14:1n5),1.259662,1.475032,1.694551,1.791818,1.111476,1.484772,1.614429,1.552621,1.351036,1.501778,0.576740,1.083246,1.109384,1.102118,0.735511,0.772700,1.006735,0.715871,1.007074,0.661358,0.744676,0.724926,0.813036,0.993265,0.798477,0.717786,0.784811,0.797302,0.931058,0.709801N-acetyl-beta-alanine,1.967643,0.527237,1.410909,0.935979,0.396677,0.816564,2.521369,0.511210,0.723624,1.026275,1.609984,0.396677,1.038454,0.424723,0.901405,1.080410,2.313241,0.519243,1.604180,0.856529,1.904294,0.560937,12.365444,0.475806,1.359031,0.771310,2.181692,0.396677,0.989799,1.010201N-acetylaspartate (NAA),0.285684,1.017565,0.285684,2.044122,1.128339,1.989377,1.747783,0.285684,1.241291,1.000000,0.713019,0.285684,1.602541,0.285684,0.285684,1.051566,0.285684,0.709715,0.285684,0.820459,0.285684,0.285684,0.824208,0.509514,0.603739,0.674209,1.255615,0.285684,0.539250,0.285684N-acetylglycine,1.259058,1.780709,1.203533,1.196760,1.873867,1.531435,1.201849,1.165635,0.778126,0.970347,0.668255,1.038149,1.152324,1.085892,0.377429,0.884500,0.677853,0.855912,0.704872,0.433197,0.994568,1.052645,1.100387,0.868439,0.399317,1.245025,0.773267,1.005432,0.927710,0.520208N-acetylmethionine,0.725962,0.725962,0.955849,0.725962,0.725962,0.725962,1.050776,0.725962,0.725962,0.725962,0.725962,0.725962,1.065077,0.725962,0.725962,0.725962,0.973281,0.725962,0.725962,0.725962,0.725962,0.725962,1.054874,0.725962,0.725962,0.725962,1.000000,0.725962,0.725962,0.725962N-acetylornithine,0.141512,0.229247,0.285509,0.141512,0.219732,0.141512,0.221491,0.148651,0.141512,0.141512,1.452599,1.299652,1.321249,1.086955,1.264424,0.742123,1.896861,0.953327,1.046673,0.694876,1.137789,1.722983,1.055135,1.259086,1.365732,0.794371,1.645701,0.717097,0.902961,0.668620N-acetylserine,1.128614,0.973829,0.461548,1.158562,0.820499,0.461548,1.561289,0.680801,0.997997,0.992478,1.157043,1.002003,1.561019,0.461548,0.461548,0.461548,1.386472,0.689778,0.461548,0.899865,0.614373,1.041633,1.733875,0.811658,1.343117,0.738560,1.592770,0.503960,1.207369,0.461548N-acetylthreonine,1.062770,0.888483,1.115628,0.894144,0.948591,0.803161,1.538299,0.919223,0.873825,0.946114,0.803161,1.018587,1.133519,0.897824,1.732799,0.971238,1.259380,0.981413,0.864491,1.067672,1.201483,0.803161,1.405121,0.803161,1.260436,0.803161,1.284641,0.902984,0.961655,1.084507n-Butyl Oleate,0.939241,0.467224,0.467224,0.960416,1.124691,0.467224,0.467224,0.499040,0.678127,0.467224,1.422640,0.467224,0.467224,0.467224,0.964859,1.233088,1.000000,1.246866,1.581850,0.467224,0.857558,0.805892,0.467224,0.938900,1.154160,1.411384,1.118356,1.229491,1.840911,0.559004N-formylmethionine,1.034017,1.000000,1.006989,0.661367,0.888951,1.103964,1.401814,0.706489,0.747854,0.661367,1.255249,0.782214,1.397262,0.734300,1.004474,1.096599,1.797524,0.752045,0.982279,0.825108,1.035118,0.661367,1.330177,0.722729,0.972575,1.127870,1.739038,0.661367,0.928580,0.852385N1-methyladenosine,0.693513,0.673369,0.673369,0.673369,0.673369,0.758024,0.711859,1.131598,0.694529,0.875833,0.731448,0.974031,1.319071,1.071547,0.673369,0.701254,2.082877,1.040362,0.916789,0.732296,1.173793,1.461336,1.664989,1.240073,0.885833,1.017144,1.795275,0.982856,1.086948,1.163335nicotinamide,1.034553,0.729428,0.638268,0.969490,1.660020,1.632397,1.868849,0.938229,2.011795,1.826069,1.117684,0.802342,0.627395,0.971234,1.312645,1.542804,1.833461,1.028766,1.642946,2.001811,0.651705,0.621513,0.769262,0.755805,0.730227,1.514822,0.615193,0.315444,1.711535,0.913444nonadecanoate (19:0),1.404311,1.593613,1.231321,1.136459,1.426944,1.693279,1.196186,1.122743,1.161673,1.008284,1.286865,1.096990,0.785727,0.603086,0.841440,0.991716,0.906686,0.564304,1.060687,0.831255,1.154182,0.625976,0.680566,0.898472,0.548312,1.423771,0.405233,0.642414,0.671800,0.554722octadecanedioate,0.976731,1.425642,0.698329,0.919291,0.713053,0.901001,0.794096,1.123097,0.982042,0.701606,1.473498,1.210062,1.349304,0.789621,1.065342,0.633386,2.470823,0.965762,1.766417,0.637322,1.234196,0.936176,1.017958,1.132898,0.976969,0.860657,1.361354,1.019018,1.713698,1.188115octanoylcarnitine,1.883224,2.135867,1.822380,2.140907,1.334321,1.106176,2.366208,1.215752,0.899369,1.206800,0.355437,0.973991,0.965675,0.546262,0.565778,0.545430,1.699418,0.382119,0.289224,0.181832,2.271298,1.397872,1.172653,1.029373,1.026009,0.769497,0.507220,0.797011,0.647998,0.665725oleate (18:1n9),2.085755,3.487227,3.279220,3.754174,2.475536,3.089427,3.107720,3.961449,2.252510,3.242236,0.503842,1.153708,1.546388,0.765037,0.503100,0.832584,1.103346,0.694784,0.846576,0.461500,0.543330,0.516632,0.821503,1.149677,0.587552,0.896653,0.622548,0.770532,1.228035,0.830506oleoylcarnitine,1.106128,1.591846,1.098977,1.946605,1.579827,1.713732,1.508317,1.484562,1.707743,2.093194,0.503620,1.020066,1.302122,1.420637,0.572617,0.671396,0.979738,0.979934,0.656046,0.312113,1.085581,0.674692,0.575983,0.845602,0.748921,0.838896,0.448494,0.725239,1.057913,0.833418ornithine,2.138371,0.410966,0.572398,0.803370,0.967631,0.825074,0.661018,1.000000,1.175490,1.984693,2.055488,0.518301,0.410966,1.584940,0.879759,1.341489,0.957985,1.698361,2.992081,1.115458,1.054068,0.495604,1.086023,0.682230,0.773257,0.737499,1.720594,0.873453,1.144382,2.891220oxalate (ethanedioate),0.599551,0.599551,0.994857,0.599551,1.484489,1.201986,0.599551,0.599551,0.599551,0.599551,0.599551,0.666180,0.599551,1.000000,1.285573,0.599551,1.462534,0.599551,0.599551,0.746480,0.599551,0.599551,0.599551,0.599551,0.886657,0.599551,0.599551,1.580748,0.599551,0.599551p-cresol sulfate,0.854567,0.633297,0.857495,0.991315,0.909775,0.741503,1.063571,0.835530,0.924931,0.749865,1.656019,0.774097,1.539790,1.537072,1.057425,0.969240,2.038271,1.049876,1.448464,1.304513,0.799320,0.739525,1.490280,1.508401,1.008685,0.676299,3.098124,0.445896,1.421587,1.388113palmitate (16:0),1.493883,1.605215,1.521475,1.802207,1.469572,1.494683,1.497586,1.759871,1.377647,1.629738,0.933678,1.215127,1.252130,0.837766,0.925880,0.938205,1.025107,0.886516,1.025278,0.675054,0.793347,0.774777,0.934121,0.992426,0.854806,1.007574,0.834481,0.828305,0.983698,0.944718palmitoleate (16:1n7),1.691824,2.478781,2.325198,3.412726,1.713216,2.441998,2.830561,3.232131,2.409519,2.735260,0.622874,1.623214,1.426378,0.860490,0.759733,0.699207,1.279060,0.677501,0.919679,0.533771,0.496134,0.682154,1.005953,0.994047,0.621448,0.690432,0.630808,0.597836,1.064456,0.799540palmitoyl sphingomyelin,1.273784,1.034130,0.774787,1.836653,0.862667,1.228499,1.807314,1.186561,1.122748,1.035972,0.732681,0.631143,0.732047,1.116973,0.590039,1.065981,0.824251,1.170884,1.532187,0.550058,0.700041,0.723060,0.930233,1.081246,0.760409,1.310218,0.865331,0.965870,1.202134,0.589780pantothenate,0.633500,1.174639,0.636846,0.628228,0.556262,0.459260,0.665830,0.562702,0.837570,0.600934,1.138677,2.580759,1.297163,1.210598,0.729920,1.204862,1.550792,1.653825,1.311106,0.799358,1.014888,1.716130,1.315274,0.985112,0.742744,0.810231,1.450137,0.766965,1.346426,1.039252pelargonate (9:0),0.892871,1.244334,1.543175,1.152077,0.781242,0.867727,1.428696,0.876478,1.209397,0.671229,1.097908,1.043922,1.417635,0.887143,0.916680,0.722392,1.335440,0.740553,1.190976,0.555750,0.956078,1.106727,0.908049,1.328966,1.179394,0.878047,0.837265,1.432533,1.397582,0.704206phenol sulfate,1.027685,0.865116,1.698898,0.975213,0.954994,1.005886,0.862984,0.574863,0.880236,0.885128,0.834735,0.795745,0.935906,1.082696,1.541893,1.022468,1.313757,1.031640,0.946940,1.525453,1.112349,0.946400,1.343750,0.945559,2.270730,0.994114,3.860073,1.108549,0.964634,1.478814phenylacetate,1.002932,0.718433,1.112332,0.708252,0.696893,0.858527,0.986760,0.554262,0.979782,0.669859,1.426348,1.206571,1.816635,1.661708,0.737013,0.814174,2.313691,0.921840,1.490349,1.355449,1.103594,0.933678,0.997068,1.373756,0.861658,1.275558,1.495835,0.569720,1.449562,1.250150phenylacetylglutamine,0.652929,0.897767,1.092440,0.891105,0.698158,0.673729,1.143126,0.780806,0.695827,0.578525,1.327971,0.708999,1.713107,1.195929,1.543275,0.728902,2.477870,0.922815,1.248310,1.155497,0.736188,1.055159,1.740943,1.290561,0.944841,0.940113,1.511457,0.417143,1.479061,1.236785phenylalanine,0.868475,0.737700,0.735922,0.884724,0.771735,0.753450,0.821374,0.658262,0.871642,0.854195,1.118168,0.810238,1.043296,1.378445,0.986521,0.906477,1.056542,1.179694,1.258098,1.417008,1.244401,1.017335,1.200980,1.070886,1.013479,0.949758,1.335794,0.977641,1.020944,1.313739phenylalanylphenylalanine,2.608078,1.023162,1.316109,1.053117,0.422936,0.888913,1.494078,0.422936,1.360223,1.118769,0.774773,0.721646,0.898849,0.850606,0.910956,1.389656,0.805228,0.903734,1.081789,0.835896,0.526645,1.228629,5.046893,1.246031,0.879722,0.954060,1.000000,0.495882,1.221300,1.056223phenyllactate (PLA),0.542725,0.542725,0.542725,0.542725,0.542725,0.542725,0.542725,0.542725,0.542725,0.542725,0.542725,0.542725,0.542725,0.542725,0.542725,0.542725,0.542725,0.542725,0.542725,0.542725,0.542725,0.542725,0.542725,0.542725,1.000000,0.542725,2.417413,0.542725,0.542725,0.542725phosphate,1.319934,1.139306,0.798369,1.475695,1.191631,0.941677,1.285186,1.078466,1.314488,1.122225,1.074998,0.827045,0.718676,1.100107,0.864676,0.768504,0.811052,1.110182,1.054652,0.869249,0.824347,1.018179,0.929103,1.089373,0.683293,0.869192,0.981822,0.954788,1.085878,0.845454pipecolate,0.910742,1.140035,1.630471,1.350384,0.706364,0.885266,2.827626,1.186320,1.069407,1.142629,0.920679,1.016859,1.885912,1.032357,0.811029,0.829207,1.587365,0.763655,0.993913,1.233641,0.758494,0.745465,1.420913,0.697168,0.638498,0.639305,1.579176,0.358118,0.692442,1.006087pro-hydroxy-pro,1.262865,2.053272,2.585900,2.592772,1.006080,0.764609,0.063684,1.809846,1.583849,1.179949,0.738104,0.795695,0.879547,1.335080,0.745992,0.842895,0.063684,1.332032,0.999758,1.112778,0.784315,0.902347,1.000242,1.101695,0.700401,0.671085,0.063684,1.176509,0.814042,0.885899proline,1.260789,0.942630,0.788013,1.176549,0.956589,1.170957,0.751571,1.116910,1.191722,1.258015,0.913598,0.803894,1.109954,0.976695,0.928660,1.012290,0.646650,1.252988,1.072256,1.329844,0.984132,0.877623,1.112030,0.937614,1.020078,0.819406,1.025942,0.645029,0.987710,1.261550propionylcarnitine,0.965244,0.943168,0.433027,1.029067,0.760044,0.600441,0.691786,0.637926,0.531215,0.507165,1.638866,1.470985,0.710478,1.219014,1.694516,0.970933,1.111463,0.815941,0.903345,1.541549,2.266824,0.882725,1.419119,1.546193,3.049133,1.235968,4.575228,1.307443,0.907951,1.541940propionylglycine,1.962074,0.768649,0.680608,1.265339,0.830606,0.780524,0.680608,0.801672,0.680608,0.680608,1.139529,1.071393,0.680608,0.966182,1.019163,1.372918,0.680608,0.771089,0.980837,1.905757,1.174297,0.886555,0.680608,1.321791,1.712976,1.453563,2.312010,0.744144,0.885646,0.912795pseudouridine,1.270895,0.873593,1.131671,0.924987,1.014556,1.135087,0.974908,0.983212,0.998569,1.001431,1.120961,1.003550,1.196325,0.929872,1.036318,0.960462,1.158217,1.052635,0.926500,1.056732,1.063977,1.039477,1.269965,0.844270,0.793837,0.927643,0.977776,0.953340,0.963208,0.945747pyridoxate,0.741653,0.827532,0.685013,0.709120,0.758582,0.955381,0.996579,1.083379,0.616969,0.658412,1.236840,0.664141,0.921496,1.007194,1.161360,0.791378,1.466545,1.147152,1.061561,1.055702,1.221106,0.784257,1.422753,0.934462,1.339840,1.002291,2.217835,1.064351,0.997709,1.040151pyroglutamine*,2.890428,0.487409,0.756724,0.487409,1.905709,1.562714,0.487409,0.769488,0.487409,2.551541,2.612298,1.532365,0.487409,0.745066,0.790494,0.821171,0.487409,1.159322,0.487409,1.783167,2.520899,0.678184,0.922210,0.614015,0.487409,0.832084,0.487409,1.077790,0.709430,2.295738pyrophosphate (PPi),1.236151,1.623971,0.159941,1.284988,0.424138,0.937713,0.960991,1.039009,0.359806,0.924996,0.577112,1.362848,1.152625,0.538653,0.870980,2.171442,1.608749,0.447833,1.310124,0.848592,0.792116,0.946962,1.450820,1.289693,1.266833,2.161091,0.665694,0.580590,1.199779,1.376601pyruvate,0.234988,0.400771,0.251281,0.234988,0.234988,0.606813,0.234988,0.600405,0.647978,0.234988,1.221166,0.734924,0.234988,0.973714,0.234988,1.010028,1.974648,0.836371,2.947017,1.169040,1.129559,0.299433,1.334859,1.015947,0.652848,0.989972,2.272658,1.506036,2.472745,2.497718ribitol,1.068667,0.522609,0.605865,0.639382,0.515906,0.515906,0.721790,1.083440,0.807477,0.969980,1.368475,1.196711,0.515906,1.002177,0.997823,1.049009,1.322275,1.349363,0.515906,0.647747,0.515906,1.248399,1.344222,0.752547,0.715360,0.515906,1.991939,0.698935,0.515906,1.150935serine,1.567496,0.453983,0.313921,0.862465,0.939443,0.761059,0.582895,1.128028,1.050936,1.111121,1.429107,0.463206,0.879056,1.032113,1.053442,1.338545,0.601677,0.856345,1.166235,1.050871,0.994290,0.530443,1.013083,0.485114,0.928216,1.005710,1.409370,0.573747,1.007460,1.222611serotonin (5HT),0.571279,1.435505,0.448750,0.288355,2.080980,0.632709,0.288355,0.433813,0.294269,1.880227,0.863761,1.090059,0.859289,1.806478,1.133505,1.018453,1.832391,1.710009,1.416773,0.687580,0.600652,0.627861,1.428805,0.957235,1.000000,0.732673,2.197007,0.544281,1.485094,3.183193sophorose,0.701387,0.752437,0.610445,1.523920,0.786507,0.431680,1.080375,0.559449,0.688180,1.199775,0.431680,1.379946,1.431002,0.747721,0.981630,1.202281,1.000000,0.431680,0.431680,1.545850,1.169154,1.427057,2.330346,0.767956,1.132060,1.548098,0.744964,0.602377,0.431680,0.431680sorbitol,0.255938,0.255938,0.255938,0.255938,0.255938,0.255938,0.255938,0.255938,0.255938,0.379001,1.128369,1.388362,0.865717,1.373205,0.255938,2.041152,2.841820,2.200118,0.718006,0.364620,0.255938,1.000000,0.807644,0.523110,0.255938,1.325590,1.721119,0.615943,0.255938,0.255938stachydrine,0.490223,0.490223,0.490223,0.490223,0.490223,0.490223,0.490223,0.490223,0.490223,0.490223,0.781690,0.940940,3.498486,1.005288,0.611320,0.490223,2.206523,1.252111,0.817813,1.277541,0.994712,2.602793,1.831836,1.212339,1.084919,0.569081,2.964348,0.493641,0.536963,0.689052stearate (18:0),1.324215,1.615988,1.311182,1.710925,1.233986,1.471076,1.321771,1.518926,1.303665,1.468276,0.976488,1.117434,1.105593,0.725807,0.906905,1.013098,0.989749,0.746236,0.964256,0.706807,0.865385,0.794336,0.798765,0.952166,0.684930,1.188465,0.696447,0.818330,1.010251,0.852629stearidonate (18:4n3),0.560934,1.302346,1.194791,1.150165,1.097551,1.307294,0.923508,1.432655,0.501865,1.179934,0.815619,1.569829,1.009552,0.764339,0.990448,0.624825,1.291393,0.808459,0.906445,0.940452,0.796869,1.261486,1.075291,1.289857,0.978300,1.219328,0.726234,0.481173,1.217666,0.894976stearoyl sphingomyelin,1.320135,0.875017,0.583961,1.682407,0.842823,0.975656,1.822775,0.436433,0.929787,1.079647,0.877742,0.786846,0.901697,1.358605,0.813186,1.282051,0.925292,1.115232,1.691891,0.749440,1.009786,0.772429,1.194228,1.316991,1.084123,1.543303,1.138867,0.990214,1.076305,0.852784stearoylcarnitine,0.509545,0.992195,1.110641,0.977816,1.014249,0.834855,0.578255,1.237347,1.177355,1.327581,0.509545,0.706257,1.402494,1.591094,0.509545,1.007805,0.532643,0.954319,0.607449,0.509545,1.598633,0.725427,0.509545,0.704257,1.015985,1.307094,1.046150,0.509545,0.863247,0.509545succinate,1.891398,1.874282,1.302929,0.554618,0.923793,1.860607,2.200891,2.790752,1.039338,1.117023,1.370821,0.578043,1.166301,0.830111,0.885425,0.634265,0.554618,1.389520,0.773573,0.897898,1.000000,0.693314,1.094715,0.726089,0.983750,0.554618,0.892516,0.554618,1.003651,0.733349taurocholate,3.412722,0.355655,0.131693,0.295418,1.030905,0.579334,0.134181,0.131693,0.190400,0.177084,1.474930,2.986125,0.561704,0.757707,0.172985,2.391428,3.106233,2.683401,1.563213,0.554176,2.444627,0.732768,1.169584,3.388739,0.258575,2.103045,3.167232,1.000000,1.110330,0.218452taurocholenate sulfate*,1.629146,0.737562,0.737562,3.287221,0.737562,1.412112,1.509090,1.000000,0.737562,0.904155,1.223745,0.737562,0.737562,0.737562,0.737562,0.975268,0.737562,1.115151,0.737562,1.277575,0.938532,0.737562,1.092506,0.888304,0.737562,0.738649,0.737562,0.976874,0.939267,0.737562taurodeoxycholate,5.095006,0.453775,0.052416,1.012816,3.217687,1.516539,0.348830,0.341038,0.225433,1.458477,2.150949,1.205512,0.222144,0.647531,0.340957,2.993982,1.253678,1.015658,0.719368,1.200606,3.378827,0.987184,0.329205,2.666492,0.734643,2.289613,1.518119,0.933921,0.839124,0.895464taurolithocholate,4.649346,0.600736,0.215183,1.220027,4.030776,0.831861,0.902529,0.606023,0.284867,1.691534,1.391001,1.010173,0.215183,1.432821,1.046157,1.008083,1.462229,0.915821,0.696753,0.973127,1.962697,0.660383,0.348978,3.315216,0.412186,1.397184,1.453821,0.984273,1.000000,0.907042taurolithocholate 3-sulfate,2.447388,0.991895,0.839202,1.042111,1.241079,0.839202,0.987526,0.839202,0.839202,0.842362,0.839202,0.839202,0.839202,0.839202,0.839202,0.839202,0.839202,0.839202,0.839202,0.839202,0.839202,0.839202,0.839202,1.008105,0.839202,0.839202,0.839202,0.839202,0.839202,0.839202tetradecanedioate,1.057162,1.841250,0.790206,1.050578,0.566652,1.187841,1.000000,1.779539,0.992511,1.142808,0.566652,0.566652,0.628985,0.566652,0.566652,0.566652,0.566652,0.566652,0.566652,0.566652,0.583142,0.784514,0.566652,0.566652,0.566652,0.566652,0.566652,0.566652,0.566652,0.566652threonate,1.029176,1.034072,0.682722,0.878478,0.966774,0.466820,0.858253,0.631584,0.906058,0.500303,1.192210,1.024263,1.440650,0.982599,1.109240,0.727340,1.433273,1.017401,1.121336,0.471101,0.678881,1.276514,1.384891,1.136464,1.137157,0.638191,1.395355,0.819537,1.095107,0.497940threonine,0.816268,0.732147,1.041702,1.002489,0.640549,0.818511,0.741013,0.639143,0.863820,0.506742,1.252505,0.997511,1.042976,1.175743,1.088238,1.034642,0.899488,1.195598,1.081324,1.101316,1.644080,0.961578,1.426653,1.090713,0.911424,0.907030,1.191827,0.973812,0.962914,1.009120tigloylglycine,0.378431,0.314087,0.501363,0.348652,0.317320,0.314087,0.936624,0.329710,0.314087,0.314087,1.664987,1.000000,1.915033,0.820302,0.319741,1.623438,1.806460,2.158749,1.211071,0.594582,1.087618,0.687818,1.375527,1.172091,0.314087,2.219207,0.854984,1.257038,1.670924,0.314087trans-4-hydroxyproline,1.173457,1.234124,1.197660,1.447057,0.888481,0.819076,1.432252,0.966244,1.289590,1.212336,1.135478,0.890574,1.217166,1.033756,0.670538,0.803616,0.761496,1.328023,1.301689,1.147722,0.590094,0.696504,0.926454,0.751518,0.727926,0.669014,0.697688,0.438598,1.067806,1.235649tryptophan,0.960336,0.630663,0.774932,0.864707,0.974960,1.022712,0.955538,0.771723,1.072458,0.943111,1.018633,0.690200,0.907240,1.182849,1.138858,0.981366,1.034695,1.138192,1.086516,1.341609,1.062651,0.674602,1.038398,0.950482,1.023013,0.971879,1.019587,0.947362,1.027753,1.334057tryptophan betaine ,0.498463,0.920190,1.477336,0.409466,1.307712,0.318470,1.079810,1.481294,0.399133,1.091393,0.318470,0.318470,0.318470,0.318470,0.318470,0.318470,0.318470,0.318470,0.318470,0.318470,0.318470,0.318470,0.318470,0.318470,0.318470,0.318470,0.318470,0.318470,0.318470,0.318470tyrosine,0.884874,0.826250,0.726383,1.252459,0.936180,0.808971,0.784768,0.851367,0.863173,0.858457,1.284872,0.897870,1.158953,1.871766,1.258000,0.974935,1.050359,1.273694,0.965436,1.354526,1.415911,0.863038,1.187597,1.139818,1.256434,1.025065,1.414787,0.959908,0.901653,1.313316undecanoate (11:0),0.901184,0.884050,1.141795,1.064999,0.786277,0.925081,1.234732,0.890600,0.981801,0.702044,0.702044,1.140020,1.124634,1.000000,1.093582,0.867603,1.025875,0.904379,1.245635,0.790680,1.025866,1.143006,0.968600,1.297014,1.261942,0.986926,0.983379,1.311669,1.115039,0.925283urate,3.292257,1.000000,0.415050,0.661102,2.977858,1.604111,1.482747,1.029293,0.415050,1.497435,1.308093,0.637158,1.238579,0.602940,0.415050,0.663580,1.819228,0.636288,0.415050,0.415050,0.786884,0.837080,2.751408,0.604634,0.415050,0.415050,0.415050,1.074458,0.649538,0.798592urea,1.067099,0.788544,0.534508,0.844403,1.011906,0.806973,1.069298,1.060997,0.883343,1.120989,1.284145,0.706332,0.951040,1.027082,1.049582,0.794563,1.501903,0.991518,1.007107,1.272063,0.817814,1.146061,0.861394,0.939852,0.969419,0.872447,1.737633,0.992893,1.057713,1.268019uridine,1.211934,1.249499,1.071445,0.982221,1.196279,1.138564,1.288021,1.030768,1.106830,1.133956,1.085206,1.002084,0.757699,0.842212,0.949685,0.952007,1.153159,0.947541,1.013563,0.997916,0.982685,1.047152,0.931428,0.791562,0.683613,1.027345,0.514619,0.743391,0.956887,0.897000valerate,0.788908,0.788908,1.000000,0.788908,0.788908,0.788908,0.788908,0.788908,0.788908,0.788908,0.788908,0.788908,0.788908,0.788908,0.788908,0.788908,1.092466,0.788908,0.788908,0.788908,0.788908,0.788908,0.788908,0.788908,0.788908,0.788908,0.788908,0.788908,0.788908,0.788908valerylcarnitine,0.684077,0.684077,0.684077,0.684077,0.684077,0.684077,0.684077,0.684077,0.684077,0.684077,0.684077,0.989644,2.417323,0.982607,0.684077,0.684077,3.495864,0.684077,1.025049,0.684077,0.684077,0.684077,1.000000,1.778349,0.684077,0.684077,5.563481,0.768537,0.797465,0.684077valine,1.192167,1.007733,0.851793,0.883066,0.894142,0.861840,1.136597,0.848720,0.839813,1.177470,1.267764,0.840051,0.954249,1.070700,0.992267,0.875012,1.052158,1.275570,1.339714,1.125260,1.141026,1.032775,0.951771,1.033058,0.802331,0.946025,1.014802,0.945875,0.958690,1.069836xanthine,1.380704,0.222436,0.222436,1.195125,1.068584,0.222436,1.289000,1.555796,1.503422,2.600617,0.753822,0.222436,0.615018,1.000000,0.222436,1.100779,1.923798,0.222436,0.222436,1.048224,0.888416,0.337421,0.222436,0.666465,0.838446,1.477018,0.739135,0.559597,0.545176,0.809051XHWESASXXR*,1.046938,1.402306,1.695825,0.743890,1.324301,0.634993,0.338617,0.645354,0.649531,1.078132,1.218697,3.349828,2.432534,0.576918,2.731319,2.118964,0.771285,1.578958,1.301695,1.425368,0.411882,0.683047,0.172760,0.482817,0.359556,0.746305,0.172760,0.489292,1.000000,1.056236xylitol,0.449554,0.234890,0.046270,0.354406,0.262093,0.046270,0.216906,0.069335,0.384987,0.046270,0.958476,4.285319,1.424249,1.502324,0.046270,2.594864,4.598202,3.532075,0.754633,0.312595,1.000000,2.036479,1.281592,2.410218,0.229363,3.303280,2.120113,2.441339,1.041739,0.288243[H]HWESASLLR[OH],2.338333,1.007955,0.751532,0.567216,1.892755,1.717649,0.228787,0.735825,0.987060,0.931640,1.583050,2.289503,1.564227,0.502085,1.559607,2.007512,0.992045,0.861824,1.490602,1.018221,0.671356,0.870519,1.829292,1.025152,0.664465,1.908289,0.419653,0.461265,1.205622,0.803014